0, SELECT 436
16, SELECT 236
57, INSERT 421, 496958935
69, INSERT 486, 1583792090
94, SELECT 143
121, SELECT 140
140, INSERT 235, 1323724445
175, SELECT 35
196, INSERT 323, 501629848
221, SELECT 120
269, INSERT 130, 1977271149
273, INSERT 282, 1896129487
314, INSERT 254, 896648899
353, INSERT 427, 459372461
379, INSERT 242, 1904701024
383, SELECT 47
393, SELECT 74
422, SELECT 490
435, INSERT 159, 430530377
469, INSERT 105, 170566954
512, SELECT 108
523, SELECT 61
534, INSERT 358, 1005255972
536, SELECT 195
565, INSERT 361, 637582798
590, INSERT 149, 194545042
603, SELECT 362
651, SELECT 63
692, INSERT 10, 1023743031
731, SELECT 262
756, SELECT 75
758, SELECT 319
802, SELECT 255
835, SELECT 224
850, SELECT 344
876, SELECT 283
920, SELECT 308
950, SELECT 13
964, INSERT 403, 1714035736
989, INSERT 33, 1083245377
1017, SELECT 23
1019, INSERT 231, 1969720589
1060, SELECT 48
1090, INSERT 6, 2002934094
1117, INSERT 128, 934181661
1123, INSERT 21, 401631309
1140, SELECT 234
1146, SELECT 69
1177, INSERT 60, 2134302933
1213, INSERT 268, 1857948956
1220, SELECT 11
1246, SELECT 48
1256, SELECT 66
1300, SELECT 113
1324, SELECT 215
1364, SELECT 14
1395, INSERT 234, 314105294
1399, INSERT 107, 950015734
1440, INSERT 154, 864626582
1467, INSERT 337, 1768988840
1476, INSERT 142, 499550430
1503, SELECT 498
1507, SELECT 32
1526, INSERT 30, 286763759
1571, SELECT 231
1573, INSERT 13, 354781051
1606, SELECT 250
1622, SELECT 229
1670, SELECT 337
1705, SELECT 394
1745, INSERT 39, 377005054
1770, INSERT 29, 1532058408
1787, INSERT 246, 1663783982
1817, INSERT 394, 1895302271
1822, INSERT 286, 1558019468
1848, SELECT 43
1859, INSERT 44, 1050696950
1901, INSERT 212, 712474970
1915, SELECT 281
1926, SELECT 255
1963, SELECT 74
1987, SELECT 381
1993, INSERT 287, 1264432057
1994, SELECT 26
2034, SELECT 221
2037, SELECT 472
2074, INSERT 249, 2130489309
2101, INSERT 338, 533746591
2124, INSERT 486, 1966247130
2153, SELECT 149
2164, INSERT 191, 993123590
2204, SELECT 253
2221, SELECT 106
2265, INSERT 226, 393861507
2301, INSERT 199, 697622206
2322, SELECT 440
2357, INSERT 66, 2024751042
2396, INSERT 236, 592666292
2416, SELECT 366
2426, INSERT 66, 1961209688
2467, SELECT 470
2490, INSERT 181, 509468113
2520, SELECT 176
2527, INSERT 444, 760444771
2533, SELECT 242
2568, INSERT 356, 2109546904
2575, INSERT 411, 463603297
2624, SELECT 160
2629, INSERT 245, 896971692
2640, INSERT 209, 516791543
2688, SELECT 2
2697, INSERT 75, 246055036
2736, SELECT 342
2768, SELECT 225
2782, SELECT 487
2814, INSERT 125, 1911230991
2853, SELECT 319
2892, INSERT 73, 1807598072
2897, SELECT 404
2900, SELECT 8
2917, SELECT 53
2922, INSERT 335, 950560536
2936, INSERT 68, 1158032232
2959, INSERT 300, 1749622364
2991, INSERT 106, 658254955
3034, SELECT 155
3070, SELECT 65
3077, INSERT 199, 1229898323
3120, SELECT 466
3155, INSERT 394, 1029613583
3165, SELECT 372
3182, SELECT 319
3227, SELECT 304
3252, SELECT 411
3271, INSERT 187, 697886307
3306, SELECT 438
3338, SELECT 340
3378, SELECT 248
3411, SELECT 19
3419, SELECT 61
3439, SELECT 209
3451, SELECT 177
3482, SELECT 294
3520, INSERT 383, 1404977356
3545, INSERT 52, 1649069362
3591, SELECT 124
3621, SELECT 380
3641, INSERT 337, 1709781255
3649, INSERT 460, 1611025172
3666, SELECT 425
3690, INSERT 26, 2125315790
3696, SELECT 95
3744, INSERT 267, 1424624753
3768, INSERT 98, 1528881120
3775, SELECT 283
3817, INSERT 481, 1090189626
3824, SELECT 260
3851, INSERT 163, 1300345256
3893, INSERT 140, 1289706530
3925, SELECT 46
3972, SELECT 466
4001, INSERT 158, 2011965517
4004, INSERT 311, 780422875
4009, INSERT 6, 365826754
4027, SELECT 179
4031, INSERT 324, 2036244787
4038, SELECT 112
4084, SELECT 140
4125, SELECT 37
4151, INSERT 460, 278061656
4173, SELECT 166
4193, SELECT 384
4205, INSERT 119, 199453255
4254, SELECT 368
4260, SELECT 328
4270, INSERT 4, 983351820
4277, INSERT 267, 782424428
4300, SELECT 165
4331, SELECT 283
4368, INSERT 277, 357312112
4389, INSERT 491, 1756861960
4407, SELECT 25
4442, SELECT 336
4454, INSERT 468, 745057580
4479, INSERT 98, 112881268
4501, INSERT 159, 653810655
4524, SELECT 138
4567, INSERT 499, 1710296380
4582, SELECT 71
4588, INSERT 49, 333529652
4591, INSERT 332, 1205422627
4639, SELECT 179
4678, SELECT 364
4684, SELECT 126
4720, SELECT 225
4746, INSERT 96, 530525733
4790, INSERT 189, 1268011131
4791, SELECT 153
4836, INSERT 498, 2029425961
4861, SELECT 242
4901, INSERT 247, 616095983
4920, INSERT 338, 1700890510
4965, SELECT 215
5006, SELECT 23
5021, INSERT 335, 1737786512
5051, SELECT 493
5068, SELECT 39
5093, SELECT 486
5111, SELECT 200
5137, SELECT 310
5161, SELECT 10
5180, SELECT 130
5200, SELECT 37
5205, SELECT 143
5243, SELECT 309
5266, SELECT 53
5278, INSERT 40, 2061524053
5327, INSERT 265, 827339553
5355, INSERT 159, 21516397
5396, INSERT 302, 1132774405
5411, SELECT 277
5418, SELECT 414
5467, INSERT 316, 17920448
5514, INSERT 84, 1917064222
5529, SELECT 471
5565, SELECT 77
5586, INSERT 261, 76446102
5596, SELECT 223
5641, INSERT 164, 1915244777
5686, SELECT 275
5714, INSERT 486, 1362843751
5744, SELECT 153
5788, INSERT 355, 512306122
5815, SELECT 388
5830, SELECT 434
5838, SELECT 54
5883, INSERT 52, 1133505107
5928, INSERT 488, 1217143735
5959, INSERT 193, 1014208907
5986, SELECT 448
6027, INSERT 77, 1661730072
6036, INSERT 456, 518163358
6067, SELECT 194
6097, INSERT 193, 1514717727
6128, SELECT 211
6149, SELECT 301
6172, INSERT 311, 642127029
6186, INSERT 118, 1431737707
6235, INSERT 16, 2035612934
6270, SELECT 336
6284, SELECT 181
6318, SELECT 259
6360, SELECT 337
6404, INSERT 240, 2001787205
6445, SELECT 11
6475, SELECT 146
6491, SELECT 180
6495, INSERT 4, 1653553564
6541, INSERT 75, 1186932628
6590, INSERT 461, 1847651255
6599, INSERT 225, 1269743891
6623, SELECT 429
6661, INSERT 62, 310894642
6687, SELECT 329
6731, SELECT 375
6740, SELECT 204
6773, INSERT 376, 1784496187
6821, SELECT 398
6852, INSERT 424, 1072126974
6860, INSERT 405, 1621716082
6868, SELECT 481
6884, SELECT 1
6933, INSERT 328, 830598882
6982, INSERT 339, 1221628117
7014, INSERT 459, 868799480
7054, SELECT 414
7063, INSERT 258, 141607315
7067, SELECT 260
7107, INSERT 297, 1356531609
7108, INSERT 46, 1733877903
7150, SELECT 240
7164, SELECT 228
7203, INSERT 424, 261179565
7226, INSERT 473, 458441769
7259, SELECT 493
7277, INSERT 466, 904103292
7326, INSERT 292, 1477687812
7355, INSERT 283, 345835128
7402, INSERT 283, 127025374
7408, INSERT 279, 1336365179
7434, INSERT 140, 1698697960
7470, INSERT 31, 851991410
7487, INSERT 484, 487881849
7522, INSERT 229, 1425492614
7562, INSERT 242, 291654961
7610, INSERT 441, 1583333495
7645, SELECT 173
7687, SELECT 128
7698, INSERT 237, 623918447
7742, INSERT 349, 1334223791
7746, INSERT 171, 415585351
7750, INSERT 233, 1807569842
7782, SELECT 342
7828, INSERT 330, 823728666
7837, SELECT 17
7847, SELECT 228
7861, SELECT
7887, SELECT 385
7921, SELECT 31
7959, SELECT 329
7978, INSERT 166, 1489073632
8024, SELECT 166
8063, SELECT 57
8081, INSERT 331, 903516940
8099, SELECT 460
8117, INSERT 472, 454264060
8141, INSERT 284, 2074650007
8144, INSERT 443, 1284886115
8168, SELECT 407
8211, INSERT 310, 1746052775
8253, INSERT 108, 20360432
8280, INSERT 210, 1310945155
8283, INSERT 353, 309502618
8328, SELECT 21
8342, INSERT 104, 1726291428
8346, INSERT 137, 933623542
8377, INSERT 313, 996485520
8395, SELECT 166
8396, INSERT 36, 2119002332
8402, SELECT 215
8437, SELECT 308
8469, SELECT 359
8499, SELECT 373
8539, SELECT 194
8545, SELECT 21
8566, SELECT 103
8610, INSERT 68, 1778432246
8644, INSERT 465, 732204228
8666, SELECT 58
8693, SELECT 441
8732, SELECT 348
8748, SELECT 94
8765, SELECT 165
8793, SELECT
8830, SELECT 363
8844, SELECT 12
8859, SELECT 150
8861, SELECT 420
8883, SELECT 123
8909, INSERT 278, 1921937533
8914, SELECT 246
8915, INSERT 300, 1695718307
8956, SELECT 205
8998, SELECT 138
9044, SELECT 482
9050, SELECT 232
9086, SELECT 165
9089, INSERT 244, 1431992775
9097, SELECT 211
9130, INSERT 8, 1851598018
9137, INSERT 242, 573347232
9156, INSERT 498, 1106179640
9181, INSERT 160, 1361077670
9206, SELECT 291
9225, INSERT 389, 358154550
9274, INSERT 369, 933639888
9288, SELECT 17
9303, INSERT 308, 1179790754
9346, SELECT 353
9347, INSERT 40, 1085595344
9389, SELECT 413
9392, SELECT 279
9394, INSERT 24, 384268371
9424, SELECT 430
9457, INSERT 492, 1524137958
9504, SELECT 208
9534, SELECT 388
9572, INSERT 282, 345261089
9592, INSERT 160, 143759983
9614, SELECT 212
9639, SELECT
9651, INSERT 218, 2044186184
9652, SELECT 19
9700, INSERT 185, 1198337634
9744, SELECT 109
9759, INSERT 195, 1724613437
9806, INSERT 444, 1673876285
9822, SELECT 213
9859, SELECT 101
9872, SELECT 193
9881, SELECT 463
9920, INSERT 297, 2003160139
9922, SELECT 185
9923, SELECT 168
9929, SELECT 369
9936, SELECT 244
9939, SELECT 147
9972, INSERT 156, 1999578893
10007, INSERT 24, 1002452488
10024, INSERT 10, 1979547781
10069, SELECT 304
10074, INSERT 205, 129375543
10103, INSERT 42, 741876630
10148, INSERT 122, 1098778272
10158, INSERT 442, 507475154
10195, INSERT 132, 1843234432
10215, SELECT 492
10247, SELECT 326
10291, INSERT 419, 400597177
10336, INSERT 198, 1298912446
10343, INSERT 353, 954069506
10348, SELECT 225
10387, SELECT 39
10416, SELECT 299
10450, SELECT 293
10488, INSERT 207, 2077501904
10500, INSERT 233, 1655109106
10521, INSERT 302, 372329953
10564, INSERT 50, 1127259798
10594, SELECT 217
10618, INSERT 98, 234523165
10635, SELECT 47
10682, INSERT 248, 27787524
10722, SELECT 353
10762, SELECT 325
10787, INSERT 19, 1566297723
10833, INSERT 107, 637868724
10867, SELECT
10910, INSERT 385, 238278654
10938, INSERT 152, 1333760570
10954, INSERT 186, 1745746340
10963, SELECT 180
10966, INSERT 197, 1535153255
11008, SELECT 466
11019, INSERT 233, 381248578
11032, SELECT 205
11048, INSERT 313, 1920130584
11051, SELECT 238
11076, INSERT 455, 635054985
11083, INSERT 433, 359949885
11100, SELECT 425
11115, SELECT 133
11164, SELECT 190
11202, INSERT 187, 1296087186
11231, SELECT 467
11277, SELECT 176
11286, SELECT 368
11320, SELECT 384
11336, INSERT 419, 1084773436
11363, SELECT 188
11368, INSERT 449, 439310221
11408, SELECT 188
11445, INSERT 359, 359648614
11492, SELECT 320
11513, SELECT 186
11549, INSERT 288, 361773816
11551, INSERT 36, 991030992
11566, SELECT 324
11608, INSERT 423, 1237579483
11648, INSERT 273, 586918975
11658, SELECT 191
11664, SELECT 187
11668, INSERT 41, 1563398183
11681, SELECT 337
11720, SELECT 340
11761, INSERT 44, 1873466385
11773, INSERT 164, 1755891409
11778, SELECT 154
11791, INSERT 86, 1913749304
11812, INSERT 29, 845763930
11827, SELECT 46
11866, INSERT 200, 187132002
11890, INSERT 397, 150124355
11937, SELECT 472
11974, INSERT 69, 81528827
11990, INSERT 143, 884834035
12008, SELECT 420
12037, SELECT 293
12070, SELECT 62
12113, SELECT 454
12146, INSERT 172, 1967839006
12189, SELECT 199
12236, INSERT 73, 636347471
12239, INSERT 42, 621384094
12260, SELECT 6
12303, SELECT 354
12348, INSERT 199, 347896320
12372, INSERT 42, 1605086695
12374, INSERT 183, 141788936
12407, INSERT 275, 1253943773
12427, INSERT 441, 756159599
12458, SELECT 323
12492, INSERT 356, 1889184891
12505, INSERT 17, 235482051
12541, SELECT
12574, INSERT 103, 1964156096
12605, INSERT 200, 556811368
12646, SELECT
12677, INSERT 215, 328562969
12707, SELECT 78
