0, SELECT 1431
38, INSERT 1697, 1068146822
41, SELECT 743
54, INSERT 490, 1462880377
88, SELECT 770
100, INSERT 738, 280315998
117, SELECT 312
120, INSERT 1512, 19753250
136, SELECT 975
161, SELECT 1449
186, INSERT 828, 518524553
231, SELECT 1399
233, SELECT 146
248, INSERT 237, 1436843826
270, INSERT 776, 324399705
310, SELECT 1951
322, SELECT 1056
350, SELECT 1539
368, INSERT 1765, 1638813449
372, INSERT 440, 1299296595
395, SELECT 727
443, SELECT 1678
473, INSERT 98, 626456731
499, INSERT 1850, 1739986265
501, INSERT 1, 1990460438
534, SELECT 560
559, INSERT 1435, 1980090213
588, INSERT 1198, 667530830
636, SELECT 1804
665, INSERT 17, 1197888655
679, INSERT 1839, 708582174
714, SELECT 560
736, INSERT 1482, 1356247090
743, INSERT 1892, 1762548783
781, SELECT 1260
829, SELECT 505
861, SELECT 1484
880, INSERT 473, 2020312245
902, INSERT 1316, 933141877
937, SELECT 1199
942, INSERT 949, 1104007647
973, SELECT 1370
1015, SELECT 1470
1026, INSERT 1185, 1022483038
1074, SELECT 1939
1103, SELECT 848
1144, SELECT 1369
1176, SELECT 1931
1190, INSERT 1076, 1132284766
1206, SELECT 1344
1234, SELECT 995
1278, SELECT 103
1320, INSERT 926, 94819792
1326, SELECT
1355, SELECT 1356
1395, SELECT 99
1411, SELECT 937
1458, SELECT 316
1470, INSERT 35, 891577316
1517, SELECT 1073
1534, INSERT 300, 1792053294
1557, INSERT 130, 1835822931
1590, INSERT 1894, 2133511314
1604, INSERT 1648, 1946795678
1607, SELECT 1457
1643, INSERT 1550, 453771946
1682, INSERT 461, 32515081
1687, INSERT 111, 2135254972
1694, SELECT 1477
1725, SELECT 553
1760, INSERT 1608, 1498427276
1804, INSERT 1781, 369848905
1815, INSERT 718, 816068145
1816, SELECT 602
1831, SELECT 858
1872, INSERT 1523, 1025461268
1882, SELECT 1508
1918, INSERT 581, 840333066
1967, INSERT 50, 865220780
1979, INSERT 636, 1530570352
1986, INSERT 1620, 2107985866
2027, SELECT 899
2062, INSERT 877, 1453094161
2093, INSERT 917, 1403604203
2121, INSERT 1003, 2018426448
2132, INSERT 912, 256175440
2173, SELECT 1427
2205, INSERT 145, 477685046
2236, INSERT 592, 1631488765
2248, SELECT 1040
2296, INSERT 118, 1445729288
2328, SELECT 1627
2370, INSERT 1699, 1936956468
2399, INSERT 1013, 2140550426
2429, SELECT 1718
2443, INSERT 1594, 598860721
2491, INSERT 112, 595992521
2534, SELECT 1545
2568, SELECT 1579
2572, SELECT 411
2582, SELECT 561
2610, INSERT 1293, 519754273
2651, INSERT 314, 1178359847
2682, SELECT 1422
2713, SELECT 861
2741, INSERT 1884, 311501513
2788, INSERT 450, 1276211948
2809, SELECT 1638
2820, SELECT 1384
2840, SELECT 1599
2868, SELECT 1144
2895, SELECT 1772
2932, INSERT 341, 637746553
2936, INSERT 1295, 1486627036
2968, SELECT 977
3015, INSERT 1656, 242193457
3034, INSERT 660, 1425315934
3041, SELECT 204
3045, SELECT 1488
3048, INSERT 1206, 198728120
3094, INSERT 1711, 344580692
3121, SELECT 353
3137, SELECT 1340
3147, INSERT 1708, 1111047973
3196, INSERT 384, 437172883
3223, INSERT 1527, 402966403
3269, INSERT 458, 379589149
3278, SELECT 544
3284, INSERT 1130, 1301875942
3294, SELECT 1514
3324, INSERT 712, 315193549
3349, SELECT 1686
3352, INSERT 1516, 1540273128
3361, INSERT 1115, 931685830
3390, SELECT 957
3410, SELECT 807
3427, SELECT 1925
3460, INSERT 641, 683447083
3498, INSERT 1209, 819761728
3505, SELECT 581
3513, INSERT 255, 1797862640
3521, SELECT 1442
3554, INSERT 61, 1135030147
3576, INSERT 728, 77097751
3584, SELECT 1448
3589, SELECT 1601
3591, INSERT 1897, 1596365728
3630, INSERT 600, 2058883414
3679, SELECT 13
3701, INSERT 516, 884952443
3735, SELECT 1055
3746, SELECT 1362
3750, SELECT 363
3790, SELECT 424
3800, INSERT 1628, 1515254143
3848, INSERT 1852, 1068152226
3889, INSERT 1093, 1097355458
3927, INSERT 1202, 2144195870
3961, INSERT 81, 577759189
3994, SELECT 461
4022, INSERT 1345, 484899981
4069, INSERT 306, 42233361
4106, INSERT 1610, 231352151
4123, SELECT 666
4168, SELECT 290
4181, INSERT 1828, 1531230773
4229, INSERT 975, 871799488
4275, SELECT 1091
4312, SELECT 1414
4346, SELECT 1424
4392, SELECT 1318
4420, INSERT 1308, 302537089
4468, SELECT 1730
4516, INSERT 1970, 435017291
4534, SELECT 1450
4565, SELECT 1630
4593, INSERT 728, 1633517540
4614, SELECT 402
4627, SELECT 1437
4657, INSERT 321, 1019272781
4686, INSERT 888, 459854506
4714, SELECT 611
4744, SELECT 1435
4766, SELECT 342
4788, SELECT 586
4795, SELECT 463
4798, INSERT 1239, 2093690964
4809, INSERT 1221, 209827571
4849, SELECT 567
4864, SELECT 1728
4897, INSERT 323, 1021573505
4916, SELECT 850
4961, INSERT 578, 1365752397
4969, SELECT 1357
5000, INSERT 323, 840207690
5004, SELECT 664
5021, INSERT 1837, 1416229043
5054, SELECT 1090
5089, INSERT 1239, 152571805
5125, INSERT 1713, 246210411
5145, INSERT 144, 333205895
5193, SELECT 1863
5215, INSERT 1329, 195810153
5251, SELECT 123
5299, SELECT 236
5300, INSERT 1515, 224944354
5310, SELECT 1814
5323, INSERT 1894, 787861895
5341, INSERT 1968, 1879620859
5368, SELECT 703
5384, SELECT 385
5391, SELECT 1661
5413, SELECT 1803
5419, SELECT 615
5441, SELECT 465
5443, INSERT 1367, 351282034
5469, INSERT 1471, 1448669110
5513, SELECT 47
5537, SELECT 64
5581, SELECT 823
5627, INSERT 919, 1481704695
5636, INSERT 527, 1325968254
5683, SELECT 1142
5731, INSERT 631, 573339405
5746, INSERT 1329, 1793814954
5749, INSERT 1895, 1134669105
5751, INSERT 854, 656834824
5797, INSERT 860, 1870724870
5846, SELECT 1857
5875, SELECT 964
5877, INSERT 1445, 444100520
5901, SELECT 704
5925, SELECT 1639
5970, INSERT 741, 1658861146
5978, SELECT 166
6009, SELECT 1775
6022, SELECT 834
6062, INSERT 1370, 663681393
6065, INSERT 1602, 1981946241
6086, SELECT 166
6088, INSERT 1648, 827179861
6105, SELECT 1719
6115, SELECT 1300
6132, SELECT 152
6154, SELECT 1825
6173, SELECT 189
6216, INSERT 1516, 1541416784
6233, INSERT 693, 899807928
6277, SELECT 1086
6284, INSERT 1106, 1363432470
6314, SELECT 543
6345, INSERT 1940, 316430999
6361, SELECT 1181
6400, INSERT 1414, 854865635
6427, SELECT 1829
6469, INSERT 1049, 1583529074
6479, INSERT 1534, 1646845680
6522, INSERT 1884, 267924748
6536, INSERT 631, 1417799166
6556, INSERT 953, 1767073589
6579, SELECT 1219
6626, SELECT 1496
6669, SELECT
6689, SELECT 1564
6706, INSERT 989, 170620534
6720, INSERT 406, 610232067
6769, SELECT 617
6792, SELECT 1991
6805, INSERT 1409, 998521193
6817, SELECT 1567
6839, SELECT
6884, INSERT 622, 1154991938
6902, SELECT 1943
6925, SELECT 417
6953, INSERT 653, 860397900
6994, SELECT 370
7040, SELECT 1490
7048, INSERT 347, 1161535651
7073, INSERT 1421, 1381700520
7101, INSERT 602, 157939129
7135, INSERT 42, 1428949465
7180, SELECT 176
7184, INSERT 299, 469604436
7229, INSERT 175, 428726717
7278, SELECT 169
7306, SELECT 552
7330, INSERT 962, 413964866
7340, SELECT 612
7387, INSERT 1427, 1250296375
7415, SELECT 160
7427, SELECT 216
7473, SELECT 73
7483, SELECT 64
7491, INSERT 1039, 259674678
7534, SELECT 1814
7552, INSERT 1782, 1133337264
7572, SELECT 1322
7609, SELECT 412
7622, INSERT 1689, 2115768397
7666, INSERT 707, 1105516837
7685, INSERT 8, 1472600767
7729, SELECT 1457
7765, SELECT 1635
7794, INSERT 1427, 1835030976
7828, INSERT 1431, 170205655
7862, SELECT 1366
7905, INSERT 1565, 318249970
7924, SELECT 1163
7944, SELECT 1844
7963, INSERT 1272, 1662406453
7998, SELECT 294
8037, SELECT 1762
8052, SELECT 1505
8080, INSERT 1666, 884496319
8088, INSERT 1622, 951607153
8129, SELECT 398
8147, INSERT 853, 1944648646
8189, SELECT 943
8214, SELECT 272
8216, INSERT 1801, 120023905
8257, SELECT 762
8269, INSERT 40, 251470204
8311, INSERT 1550, 129380885
8331, INSERT 1876, 1493170827
8341, SELECT 1282
8361, SELECT 1009
8387, SELECT 1240
8431, SELECT 1993
8452, SELECT 1869
8460, SELECT 1788
8466, INSERT 116, 1545105971
8467, INSERT 154, 674190857
8468, SELECT 616
8487, INSERT 1327, 245523536
8530, INSERT 1728, 838419024
8542, INSERT 453, 322814714
8579, SELECT 1278
8608, INSERT 1094, 456182897
8646, SELECT 165
8679, INSERT 976, 223008416
8717, SELECT 403
8754, INSERT 1253, 344809979
8759, SELECT 1601
8765, SELECT 1441
8770, SELECT 476
8808, INSERT 1470, 57251
8815, SELECT 969
8852, SELECT 1068
8895, SELECT 591
8934, INSERT 802, 1453929845
8942, INSERT 1094, 168274372
8988, SELECT 348
8999, SELECT
9036, INSERT 500, 710589059
9052, INSERT 1233, 129211219
9053, SELECT 843
9079, INSERT 1085, 2022001399
9097, SELECT 1875
9100, SELECT 172
9115, SELECT 147
9135, SELECT 532
9182, SELECT 372
9212, INSERT 622, 213147372
9221, SELECT 325
9222, INSERT 73, 77996302
9241, SELECT 447
9283, SELECT 484
9286, INSERT 75, 922279115
9313, SELECT 756
9320, SELECT 1859
9337, INSERT 665, 1979388122
9369, INSERT 1542, 197808616
9375, INSERT 152, 505047643
9417, SELECT 1178
9461, INSERT 839, 166773097
9493, INSERT 273, 955801970
9513, SELECT 1246
9528, INSERT 52, 289483348
9557, INSERT 1407, 57730399
9581, SELECT 1149
9586, SELECT 1825
9591, SELECT 1836
9633, INSERT 986, 2108330100
9656, INSERT 583, 1857411796
9667, SELECT 1514
9702, INSERT 1585, 232488418
9708, SELECT 1492
9753, SELECT 114
9781, SELECT 1574
9798, INSERT 715, 1265812903
9814, SELECT 445
9840, INSERT 1358, 368741775
9880, SELECT 1169
9895, SELECT 1885
9898, INSERT 1605, 313053142
9906, SELECT
9916, SELECT 823
9946, INSERT 1008, 1119566786
9995, SELECT 901
9999, INSERT 1139, 1270367979
10003, INSERT 974, 1998406498
10007, SELECT 1517
10044, SELECT 1458
10061, INSERT 423, 958045219
10085, SELECT 526
10089, SELECT 1508
10105, INSERT 1621, 118010144
10123, INSERT 1583, 1211680639
10147, INSERT 1475, 1896832351
10180, SELECT 668
10201, SELECT 1256
10220, SELECT 1150
10236, INSERT 1947, 923798522
10276, INSERT 1021, 929073896
10286, SELECT 1520
10289, INSERT 802, 787207738
10299, INSERT 481, 1940934067
10333, INSERT 1580, 1242705198
10369, INSERT 1669, 866311138
10417, INSERT 763, 1152555139
10424, INSERT 1473, 1854157769
10444, INSERT 1530, 390170703
10489, INSERT 1378, 1982004791
10503, INSERT 578, 2043122992
10517, INSERT 875, 1916527153
10544, INSERT 1783, 2124590644
10579, INSERT 1426, 1190114582
10603, INSERT 937, 1619429628
10621, INSERT 1272, 1737824174
10658, SELECT 1657
10694, INSERT 1981, 812920154
10726, SELECT 1107
10773, SELECT 1323
10774, INSERT 5, 1792295569
10791, SELECT 14
10823, INSERT 1419, 1729915742
10864, SELECT 394
10890, INSERT 423, 1585134915
10907, SELECT 950
10922, SELECT 1673
10927, INSERT 1197, 1263524225
10976, SELECT 1724
10980, SELECT 1984
10999, SELECT 1008
11017, INSERT 1084, 1513048444
11032, INSERT 53, 1020676403
11065, INSERT 647, 845351113
11081, SELECT 1662
11101, INSERT 1822, 1049071831
11132, INSERT 1650, 62951409
11141, SELECT 1451
11142, INSERT 719, 819517209
11163, SELECT 227
11211, SELECT 1988
11218, INSERT 1833, 1268719135
11242, INSERT 1100, 1185610962
11256, SELECT 112
11259, SELECT 455
11277, SELECT 1172
11326, INSERT 920, 971725358
11328, SELECT 1277
11348, INSERT 1720, 1616249416
11387, SELECT 977
11398, INSERT 1091, 1772345955
11406, SELECT 762
11437, INSERT 672, 1581244557
11476, SELECT 915
11483, SELECT
11524, SELECT 1122
11551, INSERT 1823, 322665867
11593, SELECT 549
11600, INSERT 805, 49024302
11607, SELECT 854
11628, SELECT 1654
11664, SELECT 1713
11689, SELECT 1257
11730, SELECT 1651
11767, SELECT
11789, INSERT 830, 1322476456
11819, SELECT 416
11839, INSERT 1750, 1350816786
11864, INSERT 1055, 1272364398
11913, SELECT 1669
11959, INSERT 109, 1387939870
11968, INSERT 426, 963314403
11979, SELECT 563
12002, SELECT 359
12003, INSERT 942, 94990430
12038, INSERT 1658, 1027286350
12069, INSERT 1823, 430801394
12084, INSERT 1063, 517932382
12090, SELECT 537
12100, SELECT 473
12128, SELECT 1171
12168, SELECT 1055
12177, INSERT 1179, 1644392010
12183, SELECT 1077
12200, SELECT
12207, INSERT 24, 322639591
12252, INSERT 672, 380964423
12283, SELECT 1974
12295, SELECT 948
12301, INSERT 487, 1454315186
12303, SELECT 71
12350, SELECT 256
12376, SELECT 1869
12407, SELECT 1554
12435, INSERT 157, 651173692
12458, INSERT 1129, 1360554826
12467, INSERT 712, 2104754911
12511, INSERT 40, 275599346
12516, SELECT 551
12520, SELECT 367
12546, INSERT 1330, 1958077969
12564, INSERT 742, 1034658167
12588, INSERT 1832, 1476115219
12605, SELECT 1239
12620, SELECT 1178
12639, SELECT 787
12673, INSERT 1689, 1538966557
12711, INSERT 1404, 1247768549
12723, SELECT 513
12760, SELECT 221
12809, SELECT 841
12819, INSERT 1592, 321014859
12853, INSERT 1958, 697982697
12859, SELECT 1461
12906, INSERT 461, 2070213557
12917, SELECT 912
12955, INSERT 914, 938013248
12963, SELECT 1287
12987, SELECT 986
13002, SELECT 695
13032, SELECT 816
13035, INSERT 939, 1330031684
13039, INSERT 597, 1029311878
13060, INSERT 1792, 718292253
13068, INSERT 1331, 1860718431
13111, INSERT 1991, 1570727098
13136, INSERT 1686, 766346965
13137, INSERT 883, 277669966
13141, SELECT 1039
13172, INSERT 817, 812147302
13215, SELECT 195
13248, INSERT 443, 380775627
13291, INSERT 661, 532920681
13299, INSERT 945, 525772971
13334, INSERT 1830, 1528969458
13361, INSERT 1217, 1624288733
13392, INSERT 800, 1157237931
13439, INSERT 1418, 1844289387
13470, INSERT 1, 80004785
13471, SELECT 205
13477, SELECT 1489
13526, INSERT 1932, 1618050767
13547, INSERT 1640, 701962433
13567, SELECT 1505
13579, SELECT 975
13628, SELECT 963
13656, INSERT 1233, 1880407474
13672, INSERT 485, 1721102862
13683, SELECT 1735
13714, SELECT 842
13724, SELECT 1660
13752, INSERT 940, 2007080856
13774, INSERT 1616, 860398147
13795, SELECT 860
13817, INSERT 376, 1117545591
13846, INSERT 857, 2094036073
13889, INSERT 206, 1236589697
13894, SELECT 729
13936, INSERT 568, 736737423
13964, INSERT 1851, 373403889
13965, SELECT 153
13996, SELECT 1273
14031, INSERT 868, 1283301528
14065, INSERT 1687, 241977065
14076, INSERT 1917, 1154170592
14090, SELECT 933
14096, INSERT 1127, 758427484
14111, SELECT 63
14116, INSERT 1037, 1922313701
14149, INSERT 695, 63629234
14180, INSERT 1752, 1998065038
14207, SELECT 1186
14218, INSERT 250, 861717927
14240, INSERT 1789, 229655179
14282, SELECT 367
14296, INSERT 669, 1996937214
14311, INSERT 1012, 1420757822
14347, SELECT 1731
14387, SELECT 1626
14388, SELECT 1138
14425, SELECT 261
14457, INSERT 1176, 1509484425
14463, INSERT 98, 1486829684
14482, INSERT 1501, 1286865618
14489, SELECT 278
14491, INSERT 1736, 578006815
14527, INSERT 1191, 1104899016
14551, INSERT 177, 2018875135
14554, INSERT 858, 662340543
14599, INSERT 570, 1756123977
14639, SELECT 625
14684, SELECT 1282
14693, INSERT 1363, 155067604
14707, SELECT 1454
14712, SELECT 771
14756, INSERT 439, 82838433
14772, INSERT 1302, 2121992543
14808, INSERT 1402, 1991991297
14841, SELECT 461
14865, SELECT 1909
14904, SELECT 354
14924, INSERT 1345, 549457922
14967, SELECT 63
15006, SELECT 1481
15035, SELECT 1580
15041, INSERT 1814, 1579220978
15071, SELECT 894
15094, INSERT 483, 1172854702
15119, INSERT 1213, 1985086612
15156, INSERT 1277, 659606516
15178, INSERT 251, 69215394
15190, SELECT 1523
15234, SELECT 1964
15262, SELECT 573
15265, SELECT 1291
15295, INSERT 1591, 1198729323
15318, SELECT 664
15333, INSERT 7, 1162693291
15376, SELECT 1431
15394, SELECT 1870
15425, SELECT 1751
15458, INSERT 1959, 1969022932
15489, INSERT 1754, 291948327
15513, SELECT 422
15543, SELECT 1150
15550, SELECT 1733
15579, INSERT 236, 1898562831
15591, INSERT 1840, 370486217
15596, SELECT 1911
15629, SELECT 402
15663, SELECT 1944
15670, SELECT 1742
15719, INSERT 231, 1716026556
15734, SELECT 1624
15743, SELECT 1103
15750, INSERT 1381, 1044001163
15770, SELECT 1663
15818, SELECT 1359
15851, INSERT 1789, 1106114729
15856, INSERT 1458, 1531308300
15858, INSERT 1807, 179663689
15859, INSERT 1738, 381459274
15900, INSERT 1550, 2062232838
15931, INSERT 120, 1255924528
15977, INSERT 1144, 929985510
16018, INSERT 1814, 502710786
16047, INSERT 264, 2002864937
16049, INSERT 1449, 1468641691
16097, SELECT 1788
16107, SELECT 558
16148, SELECT 1495
16196, SELECT 635
16212, INSERT 1174, 1837858508
16258, INSERT 1759, 1704354424
16275, SELECT 1153
16324, SELECT 1099
16349, INSERT 1980, 91143853
16390, INSERT 785, 687970565
16428, INSERT 1195, 2097633841
16440, INSERT 526, 2145251690
16459, SELECT 1438
16494, SELECT 1348
16529, SELECT 1044
16535, SELECT 1796
16570, INSERT 512, 1888563347
16600, INSERT 974, 310275897
16645, INSERT 195, 1355091246
16680, SELECT 361
16700, INSERT 393, 373669286
16716, INSERT 1701, 1336815144
16733, INSERT 679, 226939282
16763, SELECT 1722
16764, SELECT 1596
16809, INSERT 795, 788866169
16826, INSERT 1604, 927607422
16864, INSERT 1952, 1717046264
16873, INSERT 231, 1331155071
16908, INSERT 1167, 599809385
16938, SELECT 570
16971, INSERT 1066, 99688456
16974, INSERT 1256, 2144168644
17006, SELECT 45
17011, SELECT 1673
17042, INSERT 1702, 436170017
17059, SELECT 475
17096, SELECT 1772
17102, SELECT 539
17143, INSERT 1388, 2030183482
17190, SELECT 1069
17215, SELECT 848
17220, INSERT 1046, 1869921698
17234, SELECT 352
17273, INSERT 1891, 284681699
17296, INSERT 583, 1018774568
17300, SELECT 1290
17327, INSERT 373, 2114060371
17334, SELECT 1741
17337, INSERT 1405, 777713046
17356, SELECT 1323
17360, INSERT 1232, 791021633
17377, INSERT 974, 1055640774
17386, SELECT 1298
17409, SELECT 1516
17414, SELECT 178
17459, SELECT 736
17501, SELECT 931
17533, SELECT 1890
17541, SELECT 1569
17548, SELECT 1040
17574, SELECT 1146
17594, INSERT 812, 324240208
17636, SELECT 1710
17667, INSERT 1510, 1126067950
17695, INSERT 1025, 1191327100
17740, INSERT 1699, 1252445905
17780, SELECT 1669
17804, SELECT 1160
17815, INSERT 1138, 454217671
17851, INSERT 1921, 1316304512
17870, SELECT 1393
17886, SELECT 205
17929, SELECT 1755
17930, SELECT 996
17972, INSERT 1537, 1844067411
18009, SELECT 363
18025, SELECT 547
18049, SELECT 784
18064, SELECT 1843
18085, INSERT 534, 1937884938
18097, INSERT 1920, 1285551973
18119, SELECT 915
18155, INSERT 732, 1044543292
18175, INSERT 1729, 1725835292
18191, INSERT 768, 1351583666
18204, INSERT 1240, 709500477
18209, SELECT 203
18238, SELECT 1384
18286, SELECT 712
18316, INSERT 1473, 1198140555
18322, INSERT 1078, 884953895
18331, INSERT 1995, 398478522
18333, INSERT 1219, 2117293355
18371, SELECT 383
18409, SELECT 1215
18418, INSERT 1766, 74330198
18467, SELECT 1055
18491, SELECT 490
18525, SELECT 143
18550, INSERT 305, 1646110741
18592, INSERT 133, 426791213
18597, INSERT 1847, 708384172
18608, INSERT 1170, 2107007391
18636, INSERT 786, 1354669475
18651, SELECT 1006
18691, INSERT 1417, 1130686410
18700, INSERT 591, 2022723821
18706, SELECT 1126
18730, SELECT 1520
18751, SELECT 1770
18788, INSERT 611, 91595152
18834, INSERT 1386, 1205241684
18856, SELECT 1995
18895, SELECT 739
18930, SELECT
18966, SELECT 427
18998, SELECT 1007
19038, INSERT 1266, 473493355
19069, SELECT 1506
19099, INSERT 1332, 1295375426
19147, SELECT 1017
19159, SELECT 1564
19200, SELECT 129
19243, SELECT 162
19281, SELECT 595
19326, SELECT 399
19366, SELECT 875
19378, SELECT 411
19380, SELECT 107
19384, INSERT 1976, 1817046203
19387, INSERT 1352, 49267557
19435, SELECT 1900
19452, INSERT 1970, 1360977367
19477, INSERT 1403, 568488113
19516, SELECT 1110
19549, INSERT 1085, 2001129422
19570, INSERT 70, 2003607355
19601, INSERT 23, 633159257
19650, SELECT 1322
19652, SELECT 462
19668, INSERT 193, 1673733862
19713, SELECT 1321
19725, SELECT 1069
19763, INSERT 384, 1719082315
19798, SELECT 1543
19825, INSERT 648, 377247597
19847, SELECT 1396
19854, INSERT 466, 1962789064
19869, INSERT 471, 975373911
19877, SELECT 1390
19902, INSERT 1395, 1818666249
19946, INSERT 1060, 1191138569
19977, INSERT 1928, 616322288
19990, INSERT 1395, 1937670900
20033, SELECT 440
20037, SELECT 389
20064, INSERT 473, 615543475
20074, SELECT 1868
20110, SELECT 316
20146, INSERT 566, 2086122235
20154, INSERT 160, 1463076796
20158, SELECT 1668
20197, INSERT 1157, 505311852
20219, SELECT 989
20261, SELECT 1067
20273, INSERT 715, 1889131985
20313, INSERT 1127, 769617952
20323, SELECT 795
20355, INSERT 120, 2120206806
20401, SELECT 1197
20436, INSERT 1013, 1854310564
20444, INSERT 1004, 1980414095
20459, SELECT 433
20468, SELECT 1832
20504, INSERT 1763, 100084229
20523, INSERT 1293, 516257370
20531, INSERT 1194, 155328080
20568, SELECT 1968
20587, SELECT 1675
20624, INSERT 1441, 838877388
20650, SELECT 809
20661, SELECT 1778
20692, INSERT 506, 1542670371
20740, INSERT 432, 900628677
20778, INSERT 1425, 2099661120
20818, INSERT 363, 1420956286
20829, INSERT 1664, 1015431988
20875, SELECT 479
20899, INSERT 1038, 1591042173
20910, INSERT 40, 396650095
20958, SELECT 1192
20977, SELECT
20993, INSERT 809, 177103064
21017, SELECT 1158
21022, INSERT 812, 424841617
21066, INSERT 1497, 2070292447
21103, SELECT
21115, INSERT 1105, 1020500828
21125, SELECT 1056
21126, INSERT 1972, 1256458196
21141, INSERT 646, 1115180464
21190, SELECT 1416
21213, SELECT 843
21227, SELECT 270
21230, INSERT 1488, 1521002608
21261, INSERT 1238, 1139326131
21299, INSERT 415, 1222837984
21311, INSERT 1449, 1021567481
21317, SELECT 1696
21345, SELECT 887
21391, INSERT 1110, 1076048886
21419, INSERT 388, 816467465
21442, INSERT 954, 1734001900
21460, INSERT 1907, 1984115962
21496, SELECT 1948
21512, INSERT 967, 439520503
21513, INSERT 620, 871300223
21548, INSERT 1146, 936328827
21570, INSERT 1567, 804872107
21610, INSERT 1922, 1350514676
21651, SELECT 227
21690, SELECT 1666
21736, INSERT 236, 1652589896
21778, SELECT 1367
21816, INSERT 977, 284740738
21857, SELECT 544
21884, INSERT 719, 126682936
21909, SELECT 1224
21950, INSERT 313, 1040303518
21957, INSERT 856, 204305326
21973, INSERT 968, 1074471546
21977, SELECT 1317
21986, INSERT 1203, 979568588
22017, SELECT 57
22025, SELECT 1469
22053, INSERT 677, 735643692
22057, SELECT 1450
22088, SELECT 805
22134, INSERT 1625, 739060243
22149, INSERT 388, 1576540104
22172, SELECT 788
22220, SELECT 4
22236, INSERT 680, 669377847
22275, SELECT 525
22282, INSERT 842, 1228050514
22325, SELECT 1043
22353, INSERT 1067, 506604818
22354, INSERT 1448, 2063091297
22386, SELECT 1713
22395, SELECT 836
22421, SELECT 1007
22437, INSERT 1218, 491021278
22479, SELECT 325
22517, SELECT 1210
22551, INSERT 1675, 1670738123
22558, SELECT 1717
22578, INSERT 1355, 2044152106
22599, SELECT 386
22638, INSERT 97, 1994805329
22661, SELECT 650
22690, INSERT 760, 1001720347
22703, SELECT 22
22751, SELECT 1596
22757, SELECT 1552
22804, SELECT 1854
22832, SELECT 349
22855, INSERT 772, 1629417855
22884, SELECT 301
22892, SELECT 1643
22910, SELECT 1684
22919, SELECT 1500
22944, INSERT 172, 404858045
22979, INSERT 1957, 1951843810
23000, INSERT 1542, 2002745238
23025, INSERT 24, 524940271
23034, INSERT 874, 70520005
23060, INSERT 1288, 1276798897
23080, INSERT 818, 925260939
23127, INSERT 1492, 1906545875
23161, INSERT 1353, 337650586
23207, INSERT 92, 647961473
23255, INSERT 1453, 1860827159
23292, INSERT 651, 347482057
23317, INSERT 1334, 1591506047
23329, SELECT 932
23361, INSERT 1578, 521871038
23404, SELECT 333
23431, SELECT 874
23457, SELECT 1954
23477, INSERT 142, 586387148
23492, SELECT 287
23500, INSERT 1847, 1258403923
23529, INSERT 1318, 1572388148
23570, INSERT 1008, 933659801
23591, SELECT 827
23605, SELECT 1714
23606, SELECT 1304
23608, SELECT 185
23651, SELECT 1750
23683, SELECT 1230
23714, INSERT 1153, 1151682286
23725, SELECT 636
23743, SELECT 1179
23778, SELECT 1489
23801, SELECT 510
23832, INSERT 1094, 1931808947
23865, SELECT 1728
23868, SELECT 1527
23903, SELECT 1794
23952, SELECT 958
23966, INSERT 604, 334735639
23972, SELECT 434
24020, INSERT 844, 1378786131
24045, SELECT
24063, SELECT 1757
24096, SELECT 538
24132, INSERT 1609, 1902598207
24175, SELECT 1522
24208, INSERT 1326, 2102096165
24223, SELECT 1555
24268, INSERT 1280, 1930450977
24299, INSERT 308, 560748062
24342, SELECT 128
24357, SELECT 1628
24383, INSERT 1161, 148883578
24399, SELECT 698
24442, SELECT 557
24484, SELECT 768
24506, SELECT 975
24508, SELECT 1028
24554, SELECT 100
24576, INSERT 910, 1618847510
24596, SELECT 505
24616, INSERT 921, 60053432
24648, INSERT 64, 2097344383
24670, SELECT 1988
24676, INSERT 1244, 873005612
24722, INSERT 1580, 1457525573
24743, INSERT 274, 1661262423
24785, INSERT 1835, 1787061416
24795, INSERT 1780, 2126224282
24816, INSERT 1992, 257832845
24838, SELECT 1466
24879, SELECT 112
24885, INSERT 1858, 815143142
24906, INSERT 1646, 1935573898
24909, SELECT 642
24919, SELECT 348
24938, INSERT 1552, 952734644
24987, INSERT 1159, 1442992929
24990, SELECT 1959
25022, INSERT 1723, 1608576742
25023, INSERT 1304, 1746418815
25050, SELECT 304
25059, SELECT 1284
25089, SELECT 1503
25127, SELECT 1233
25171, SELECT 1379
25194, INSERT 647, 1954539958
25198, SELECT 4
25243, INSERT 640, 222862813
25245, INSERT 1261, 1794333668
25284, SELECT 1991
25309, SELECT 761
25337, INSERT 421, 2104679957
25372, INSERT 1729, 814221013
25373, SELECT 573
25384, SELECT 676
25420, SELECT 1022
25438, SELECT 798
25440, SELECT 519
25458, INSERT 377, 1107259979
25468, SELECT 1730
25500, INSERT 611, 1428957887
25512, SELECT 144
25513, INSERT 1242, 580936031
25541, SELECT 1144
25552, SELECT 1469
25577, SELECT 344
25598, SELECT
25644, SELECT 191
25658, INSERT 411, 1514866890
25681, SELECT 563
25702, SELECT 781
25736, SELECT 1413
25758, SELECT 621
25790, SELECT 733
25831, INSERT 267, 551781824
25862, SELECT 597
25871, INSERT 699, 223937991
25889, INSERT 1604, 2038191089
25896, INSERT 1223, 2142163145
25938, INSERT 505, 577788416
25980, SELECT 241
25988, SELECT 709
26016, SELECT 257
26040, SELECT 984
26069, INSERT 453, 952536180
26097, INSERT 719, 467671758
26098, SELECT 723
26113, SELECT 800
26117, SELECT 1453
26134, INSERT 283, 1351656495
26173, SELECT 1016
26190, SELECT 657
26221, INSERT 840, 1092381527
26231, SELECT 761
26258, INSERT 219, 1050808858
26276, INSERT 99, 2032960492
26293, INSERT 101, 1341807800
26313, SELECT 1076
26323, SELECT 1117
26368, SELECT 675
26379, SELECT 370
26389, INSERT 412, 577348338
26397, INSERT 376, 2091137030
26443, SELECT 1378
26490, SELECT 1701
26521, SELECT 1373
26569, SELECT 1192
26577, INSERT 931, 1474983989
26601, SELECT 1036
26619, SELECT 646
26633, SELECT 723
26670, INSERT 1216, 1183711164
26687, SELECT 630
26720, INSERT 1429, 800943287
26765, INSERT 438, 663215723
26800, SELECT 1983
26828, SELECT 315
26847, SELECT 161
26889, SELECT 1681
26907, SELECT 1572
26921, SELECT 373
26948, INSERT 32, 963307906
26951, SELECT 591
26983, INSERT 1249, 1432906814
27016, INSERT 1586, 517012446
27050, INSERT 360, 1247418100
27081, SELECT 1625
27104, SELECT
27121, INSERT 866, 75052575
27168, INSERT 1858, 963272294
27189, INSERT 87, 216029674
27212, INSERT 78, 935381285
27232, INSERT 1811, 374159414
27275, SELECT 197
27316, SELECT 1109
27317, SELECT 1977
27326, SELECT 364
27337, INSERT 1359, 694959837
27374, INSERT 751, 1623178489
27406, INSERT 1434, 943767269
27436, INSERT 147, 1244412214
27464, SELECT 1120
27485, INSERT 422, 797399929
27518, INSERT 876, 1585603487
27532, INSERT 1834, 1220013411
27575, SELECT 1970
27603, SELECT 1679
27623, SELECT 947
27665, INSERT 1924, 1960079715
27695, SELECT 966
27733, SELECT 1754
27743, INSERT 1331, 779720552
27773, SELECT 1178
27795, INSERT 1134, 1579324725
27838, INSERT 52, 2086192449
27851, INSERT 315, 992847310
27895, SELECT 824
27916, SELECT 1313
27947, INSERT 1624, 350966904
27952, INSERT 1569, 525870552
27997, INSERT 485, 1643290672
28021, SELECT 1413
28055, INSERT 78, 1110042360
28085, INSERT 440, 980235271
28113, INSERT 1994, 994089351
28152, INSERT 1901, 153654440
28177, SELECT 1996
28194, INSERT 1300, 1131496030
28209, SELECT 378
28212, INSERT 1978, 30809236
28247, SELECT 370
28271, SELECT 312
28282, INSERT 1224, 1665913834
28300, INSERT 903, 1424695811
28307, INSERT 521, 1405920224
28351, INSERT 739, 590668619
28380, SELECT 1634
28401, INSERT 799, 340718686
28417, SELECT 1969
28443, SELECT 1777
28481, SELECT 1961
28520, SELECT 1964
28537, INSERT 132, 1901845436
28544, INSERT 236, 1402291328
28566, INSERT 1217, 2092301880
28586, INSERT 1494, 392521676
28633, INSERT 911, 787411650
28661, INSERT 286, 767618577
28690, INSERT 1789, 178800483
28703, INSERT 967, 1507922244
28720, INSERT 974, 38067708
28768, SELECT 1970
28811, INSERT 1092, 133155710
28819, SELECT 1037
28823, SELECT 675
28844, SELECT 1726
28857, SELECT 1519
28879, INSERT 788, 106103269
28927, SELECT 344
28964, SELECT 883
28985, INSERT 1003, 947836660
29031, INSERT 401, 2094191837
29075, INSERT 35, 1411205787
29093, INSERT 566, 1125593306
29133, SELECT 511
29144, INSERT 1090, 1782197723
29180, INSERT 174, 536253602
29228, INSERT 1529, 721155135
29247, SELECT 1897
29263, SELECT 333
29288, INSERT 1746, 137381681
29289, SELECT 1657
29320, INSERT 736, 278429469
29368, SELECT 319
29414, SELECT 846
29463, SELECT
29492, SELECT 547
29531, INSERT 669, 462505235
29572, SELECT 1495
29616, INSERT 963, 1745422271
29665, SELECT 1252
29707, SELECT 751
29728, INSERT 1502, 51740868
29760, INSERT 1039, 371239770
29788, INSERT 600, 972154072
29805, INSERT 1807, 1276193433
29820, SELECT 896
29838, INSERT 674, 1644217464
29860, SELECT 1222
29897, INSERT 295, 1347873606
29945, INSERT 1705, 915312410
29969, INSERT 1157, 1190423249
29977, INSERT 381, 1222928145
29982, INSERT 955, 1114743170
30027, SELECT 1911
30047, INSERT 38, 441821290
30048, SELECT 1555
30074, SELECT 463
30083, SELECT 58
30113, INSERT 222, 2100477616
30129, SELECT 1853
30131, SELECT 828
30150, INSERT 1405, 152825305
30199, INSERT 464, 1695093410
30214, SELECT 994
30250, SELECT 505
30299, SELECT 842
30327, INSERT 1817, 925869869
30355, INSERT 1269, 857659054
30400, INSERT 363, 537039948
30416, INSERT 791, 652954522
30427, INSERT 489, 2106064177
30449, SELECT 1926
30453, SELECT 1040
30501, INSERT 1867, 139975473
30520, INSERT 1723, 2004172363
30536, INSERT 1036, 1348088042
30564, SELECT 389
30587, INSERT 366, 1208671104
30607, SELECT 1252
30643, INSERT 1961, 1857946088
30678, SELECT 1878
30684, INSERT 867, 1860925322
30692, INSERT 1758, 135070319
30707, INSERT 1984, 2007139760
30749, SELECT 1214
30789, SELECT 1821
30811, SELECT 479
30860, INSERT 701, 2050772909
30874, SELECT 732
30919, SELECT 885
30939, INSERT 72, 750155306
30953, INSERT 516, 2024215074
30989, INSERT 1556, 209971261
31038, INSERT 134, 340897172
31060, INSERT 1017, 913320548
31109, INSERT 1759, 1826980198
31147, SELECT 616
31159, SELECT 538
31164, SELECT 1551
31190, INSERT 1263, 665197339
31211, INSERT 1012, 1878644476
31237, INSERT 1924, 1924594071
31283, INSERT 1837, 983951938
31287, INSERT 887, 442320903
31295, INSERT 1167, 762634259
31312, SELECT 214
31317, SELECT 24
31326, INSERT 1295, 643071654
31367, INSERT 1995, 1775540830
31401, INSERT 642, 1101257525
31449, SELECT 334
31484, SELECT 17
31511, INSERT 1265, 699413854
31539, INSERT 1964, 1025908128
31562, INSERT 1575, 44853954
31575, SELECT 1276
31596, SELECT 1741
31601, SELECT 276
31644, INSERT 786, 925818542
31673, SELECT 1039
31689, SELECT 329
31722, INSERT 1469, 1165884478
31733, SELECT 576
31744, INSERT 515, 25096895
31753, SELECT 176
31799, INSERT 1829, 1975660182
31823, INSERT 922, 1060536964
31867, SELECT 1851
31916, INSERT 1423, 570985268
31940, SELECT 197
31984, INSERT 1306, 1232558892
31997, INSERT 1842, 1211105202
32037, INSERT 528, 1785248978
32076, INSERT 1182, 2104766860
32080, SELECT 328
32123, INSERT 1319, 1430825439
32154, INSERT 578, 2037353597
32183, SELECT 1203
32221, SELECT 1665
32255, INSERT 1328, 541330200
32284, SELECT 1003
32299, INSERT 265, 1476518053
32333, SELECT 1838
32377, SELECT 1286
32399, SELECT 1639
32446, SELECT 1642
32488, SELECT 291
32494, SELECT 1467
32538, INSERT 1181, 2068081853
32566, INSERT 759, 1157268649
32581, SELECT 1713
32621, SELECT 1891
32642, SELECT 1376
32661, SELECT 1201
32707, SELECT 1248
32708, SELECT 1835
32729, INSERT 56, 971875373
32740, INSERT 166, 596886822
32770, INSERT 1033, 729936946
32805, INSERT 41, 487630234
32852, INSERT 1472, 1173916929
32870, SELECT 92
32876, SELECT 1401
32901, SELECT 632
32903, INSERT 859, 736192435
32932, INSERT 1443, 287117216
32956, INSERT 161, 2059869563
32973, SELECT 1606
33015, INSERT 1361, 1889715577
33028, INSERT 1111, 1740897671
33034, SELECT 468
33046, INSERT 1553, 1829631806
33090, INSERT 637, 743854803
33124, SELECT 1353
33144, SELECT 487
33171, INSERT 1437, 319643126
33176, INSERT 1724, 153676460
33180, SELECT 1975
33220, SELECT 1214
33266, INSERT 1798, 204212661
33283, INSERT 144, 272479958
33315, SELECT 321
33354, INSERT 954, 1391264984
33402, INSERT 549, 1525553291
33415, INSERT 289, 2140073550
33441, SELECT 464
33448, INSERT 1095, 150335862
33470, INSERT 1485, 1966088396
33505, SELECT 613
33521, SELECT 1070
33528, SELECT 140
33537, INSERT 46, 1045665214
33554, SELECT 1498
33571, SELECT 1273
33594, SELECT 643
33595, INSERT 1441, 1634426675
33608, SELECT 1980
33629, SELECT 1343
33663, SELECT 1637
33684, SELECT 1435
33700, INSERT 1451, 1957648092
33734, SELECT 1601
33754, INSERT 1711, 1034731790
33784, INSERT 1058, 170470983
33833, SELECT 1231
33857, INSERT 154, 807340244
33864, SELECT 1466
33866, SELECT 1488
33905, INSERT 28, 2030216956
33921, SELECT 535
33970, INSERT 1182, 310653712
33976, SELECT 1024
33980, SELECT 1813
34025, INSERT 489, 588721257
34074, INSERT 1544, 32936735
34120, SELECT 1286
34123, INSERT 1394, 700917939
34131, SELECT 342
34153, SELECT 658
34175, SELECT 464
34205, SELECT 472
34250, INSERT 1691, 741924967
34252, SELECT 1936
34254, INSERT 672, 319192034
34273, SELECT 2
34284, SELECT 992
34286, SELECT 714
34326, SELECT 102
34331, SELECT 764
34341, SELECT 1497
34355, INSERT 594, 902899887
34386, SELECT 772
34397, INSERT 1912, 1060806482
34439, INSERT 45, 1836490891
34449, INSERT 407, 538228807
34491, INSERT 1066, 244743983
34536, SELECT 994
34568, SELECT 1677
34579, INSERT 1470, 1843097865
34601, SELECT 478
34628, INSERT 304, 716210587
34675, INSERT 419, 1769868293
34701, SELECT 60
34718, INSERT 1812, 1668569039
34759, INSERT 1024, 1528027327
34804, SELECT 502
34830, INSERT 543, 1072533594
34856, INSERT 814, 572092400
34870, SELECT 1533
34887, INSERT 309, 1223312124
34922, INSERT 1960, 179776284
34960, SELECT 1494
34982, SELECT 529
35003, INSERT 656, 1924710133
35020, SELECT 1682
35024, SELECT 705
35032, SELECT 732
35070, INSERT 881, 1327744709
35072, SELECT
35114, SELECT 963
35143, SELECT 127
35171, INSERT 284, 1820171875
35177, SELECT 866
35199, INSERT 627, 1080235792
35248, SELECT 1862
35290, INSERT 283, 2126029337
35305, SELECT 473
35329, INSERT 948, 514916851
35363, INSERT 462, 496931921
35390, SELECT 456
35391, INSERT 1256, 1567800867
35437, SELECT
35449, SELECT 39
35454, INSERT 1455, 1353983359
35474, INSERT 1068, 1649273713
35477, SELECT 743
35525, INSERT 1163, 1629383132
35526, INSERT 164, 2063198974
35543, INSERT 798, 1977450253
35582, SELECT 108
35611, SELECT 1043
35613, INSERT 761, 452849931
35660, SELECT 1526
35661, SELECT 1051
35667, SELECT 1136
35685, SELECT 165
35716, INSERT 1351, 133161594
35747, SELECT 1693
35750, INSERT 357, 1155811218
35776, INSERT 670, 1794465023
35815, INSERT 1624, 487331845
35831, INSERT 1905, 1000342251
35849, SELECT 163
35893, SELECT 1282
35919, INSERT 1779, 1196381619
35942, INSERT 1162, 299992428
35989, SELECT 1055
36024, INSERT 20, 1547505147
36042, SELECT 1967
36049, SELECT 626
36075, INSERT 1416, 1624048672
36124, SELECT 427
36163, SELECT
36184, INSERT 1556, 814539861
36207, SELECT 575
36224, SELECT 1532
36235, SELECT 1436
36239, INSERT 1432, 1085601706
36277, INSERT 1153, 66295838
36290, SELECT 298
36299, INSERT 985, 1604293372
36307, INSERT 1196, 486248169
36336, INSERT 648, 416896603
36359, INSERT 838, 1503248553
36364, INSERT 989, 1917673576
36408, INSERT 1763, 336853514
36412, INSERT 510, 145760631
36457, SELECT 1704
36505, SELECT 619
36511, SELECT 178
36524, SELECT 1248
36560, SELECT 570
36606, SELECT 1605
36612, SELECT 242
36620, INSERT 1365, 279539049
36663, SELECT 1675
36679, INSERT 459, 2018977907
36697, INSERT 1158, 908243217
36739, INSERT 1256, 54758547
36784, INSERT 848, 1165208492
36833, SELECT 82
36874, INSERT 1473, 69952883
36888, SELECT 1569
36937, INSERT 439, 1577372257
36965, INSERT 623, 560820786
36980, INSERT 1854, 1750174080
36995, SELECT 1420
37010, INSERT 409, 1913125945
37055, INSERT 280, 1932522556
37074, INSERT 40, 2109824340
37110, INSERT 1342, 778914307
37157, SELECT 731
37167, SELECT 1242
37214, INSERT 500, 1906851878
37217, INSERT 1488, 667346913
37235, INSERT 1457, 86479236
37274, INSERT 1746, 1837486520
37291, INSERT 694, 629104464
37305, INSERT 1053, 204724355
37327, SELECT 1004
37331, SELECT 820
37369, SELECT 1496
37413, INSERT 1715, 126034080
37439, SELECT 1416
37462, SELECT 1355
37508, SELECT 1730
37535, INSERT 691, 1325008456
37567, INSERT 914, 1025293826
37590, INSERT 462, 1653294111
37615, INSERT 552, 444943241
37631, INSERT 1931, 174507067
37654, INSERT 1538, 1215408757
37689, SELECT 1599
37738, INSERT 1162, 1090571165
37766, SELECT 1183
37778, INSERT 223, 1577922525
37817, INSERT 1194, 605289321
37841, SELECT 300
37859, INSERT 703, 1710544033
37889, SELECT 514
37909, SELECT 1636
37935, SELECT 544
37968, SELECT 1683
37991, SELECT 1995
37992, INSERT 572, 175884377
38026, INSERT 175, 1864987985
38056, INSERT 890, 1348120149
38098, SELECT 1228
38111, SELECT 914
38132, INSERT 413, 296268777
38176, INSERT 1242, 1620746102
38208, INSERT 1392, 1438461722
38228, INSERT 1567, 804385126
38261, INSERT 1131, 1964967996
38295, INSERT 412, 109956596
38306, SELECT 1752
38347, SELECT 1693
38372, SELECT 1438
38374, INSERT 372, 788160752
38417, INSERT 455, 530491486
38456, SELECT 966
38457, SELECT 1870
38460, INSERT 1530, 837257627
38465, INSERT 1852, 82644309
38509, SELECT 100
38548, SELECT 1765
38587, INSERT 700, 1109559339
38594, INSERT 97, 770918282
38634, SELECT 872
38665, SELECT 587
38697, SELECT 442
38734, INSERT 1263, 1865634475
38745, INSERT 955, 260140065
38765, INSERT 935, 1998727888
38795, INSERT 1405, 2010654761
38804, INSERT 1600, 1809940066
38816, INSERT 1165, 274651364
38860, INSERT 828, 2012143636
38903, SELECT 257
38906, SELECT 1194
38928, INSERT 589, 2119507668
38964, SELECT 1259
38989, INSERT 1669, 590095987
39002, SELECT 415
39044, SELECT 680
39074, SELECT 1463
39110, SELECT 1520
39148, INSERT 1772, 1390724276
39159, INSERT 1006, 1494343015
39166, SELECT 596
39188, SELECT 1089
39221, INSERT 1374, 1999328259
39247, INSERT 558, 175937924
39294, SELECT 1857
39319, SELECT 360
39353, INSERT 1723, 328092360
39376, INSERT 122, 309841857
39398, INSERT 139, 78591125
39440, SELECT 1294
39483, INSERT 153, 1276855433
39525, INSERT 473, 1215378524
39528, SELECT 835
39534, SELECT 1150
39562, SELECT 495
39567, INSERT 181, 1004769894
39571, SELECT 205
39578, INSERT 482, 559731821
39623, INSERT 122, 125069405
39647, SELECT 712
39695, INSERT 185, 1394399061
39720, SELECT 1721
39731, INSERT 952, 1929769695
39735, SELECT 768
39753, SELECT 621
39794, INSERT 868, 1755415798
39822, INSERT 1031, 1632051956
39848, INSERT 176, 1936353330
39879, INSERT 571, 1707990318
39899, INSERT 1940, 933567407
39924, SELECT 1274
39962, INSERT 369, 551440184
40001, SELECT 1755
40008, INSERT 1063, 1778108129
40051, INSERT 172, 148014939
40058, INSERT 695, 176345402
40078, SELECT 1620
40096, SELECT 1813
40128, INSERT 1605, 407855040
40141, SELECT 440
40153, INSERT 1933, 1795546626
40175, INSERT 1519, 1287349501
40211, INSERT 1866, 247038748
40229, SELECT 464
40244, SELECT 382
40247, INSERT 1793, 69450915
40281, SELECT 120
40292, INSERT 1148, 139827857
40303, SELECT 1737
40319, SELECT 391
40359, SELECT 1804
40400, SELECT 1474
40438, SELECT 911
40466, SELECT 1739
40484, SELECT 1253
40532, SELECT 784
40576, SELECT 978
40580, INSERT 1848, 1665706183
40588, INSERT 752, 806963141
40603, SELECT 1610
40616, SELECT 1285
40638, INSERT 998, 781875368
40673, SELECT 747
40691, INSERT 449, 247951576
40706, SELECT
40753, SELECT 1322
40770, SELECT 618
40797, INSERT 1569, 1227481993
40815, SELECT 749
40838, INSERT 1487, 2047305605
40876, INSERT 1053, 1682908281
40882, SELECT 833
40888, SELECT 156
40919, SELECT 1634
40929, SELECT 1992
40945, SELECT 1760
40991, INSERT 278, 1383178165
40992, SELECT 1402
41020, SELECT 1179
41043, INSERT 1080, 869008005
41048, SELECT 1442
41059, SELECT 782
41083, SELECT 1256
41106, SELECT 1913
41126, SELECT 1474
41165, SELECT 941
41168, SELECT 1765
41204, SELECT 1822
41219, SELECT 1202
41250, INSERT 1315, 460151463
41271, SELECT 962
41294, INSERT 472, 1730147969
41299, INSERT 376, 1748902272
41320, SELECT 378
41335, SELECT 1326
41344, INSERT 1336, 1777011649
41353, INSERT 654, 1976710187
41395, INSERT 672, 332951448
41444, SELECT 87
41481, SELECT
41527, INSERT 1438, 1703814702
41548, INSERT 1084, 1065091047
41573, SELECT 592
41618, SELECT 65
41636, INSERT 665, 661589377
41646, SELECT 1916
41649, SELECT 1651
41687, INSERT 1137, 952434849
41706, SELECT 680
41729, INSERT 485, 772387049
41760, SELECT 1977
41767, SELECT 1151
41816, SELECT 1928
41837, SELECT 251
41838, SELECT 930
41860, SELECT 12
41878, INSERT 1829, 410740693
41920, SELECT 137
41962, SELECT 828
42010, INSERT 1644, 654076623
42036, INSERT 1662, 324257998
42063, SELECT 1531
42108, SELECT 1401
42135, SELECT 1829
42138, SELECT 1737
42179, INSERT 1475, 730334875
42182, SELECT 879
42228, INSERT 310, 1459583237
42275, INSERT 1874, 2098265597
42319, SELECT 1517
42331, INSERT 586, 479402565
42347, SELECT 119
42350, SELECT 294
42385, SELECT 572
42421, INSERT 212, 1371666329
42445, SELECT 997
42468, SELECT 194
42510, SELECT 940
42528, SELECT 1361
42575, SELECT
42584, INSERT 134, 840682464
42593, INSERT 16, 2098835971
42642, SELECT 514
42662, INSERT 1673, 603726927
42694, INSERT 1589, 1639538815
42727, INSERT 867, 471307578
42732, SELECT 1597
42773, INSERT 1587, 725433340
42784, INSERT 1864, 597230186
42805, INSERT 1301, 998693386
42828, SELECT 264
42838, SELECT 1996
42864, SELECT 718
42872, SELECT 131
42918, SELECT 886
42925, INSERT 282, 1426178628
42934, INSERT 103, 1979381563
42961, SELECT 893
42994, INSERT 623, 2129982844
43011, INSERT 60, 878874794
43016, SELECT 501
43033, INSERT 367, 976340201
43039, SELECT 1126
43084, INSERT 654, 520592056
43111, INSERT 1922, 1881718928
43143, SELECT 1906
43179, SELECT 1648
43201, INSERT 1466, 1342200307
43242, SELECT 479
43288, SELECT 1472
43295, SELECT 1346
43306, INSERT 1076, 996124438
43307, INSERT 914, 472587332
43324, INSERT 1540, 825606855
43346, INSERT 1072, 1709884629
43383, INSERT 31, 1636793043
43390, SELECT 51
43433, INSERT 640, 1383505379
43472, INSERT 1494, 90385360
43517, SELECT 814
43518, INSERT 1644, 793795785
43563, SELECT 1327
43569, SELECT 1175
43587, SELECT 1538
43616, INSERT 1080, 1032011523
43644, SELECT 1829
43681, SELECT 230
43701, SELECT 1307
43730, INSERT 1590, 1123345678
43757, SELECT 1239
43779, INSERT 1827, 1935180542
43794, SELECT 502
43806, SELECT 1749
43819, INSERT 1690, 1048946736
43850, SELECT 178
43854, INSERT 513, 824581101
43878, INSERT 1999, 483813463
43915, INSERT 463, 2008977345
43924, SELECT 959
43954, SELECT 32
43980, INSERT 1758, 921413433
43994, SELECT 645
44008, INSERT 1801, 1353004325
44010, SELECT 544
44051, SELECT 279
44087, INSERT 1028, 1653296772
44124, SELECT 649
44136, INSERT 1779, 1978791622
44150, SELECT 1783
44165, SELECT 1786
44202, SELECT 860
44230, SELECT 813
44249, SELECT 136
44264, INSERT 565, 984032606
44297, INSERT 1366, 1594008612
44342, INSERT 191, 1971854376
44363, SELECT 841
44374, SELECT 1994
44395, SELECT 112
44402, INSERT 409, 309458954
44433, INSERT 1894, 988877802
44468, SELECT 1582
44484, INSERT 442, 387424186
44492, INSERT 1987, 1407899791
44521, INSERT 26, 1257499294
44534, INSERT 403, 1561352571
44573, SELECT 1541
44578, INSERT 670, 1259687553
44623, SELECT 1219
44630, SELECT 1190
44648, SELECT 193
44670, SELECT 78
44696, SELECT 199
44700, SELECT 250
44705, INSERT 1353, 113493845
44714, SELECT 189
44752, SELECT 1211
44765, INSERT 1038, 2030852071
44805, INSERT 476, 1487369802
44825, INSERT 594, 2107912769
44865, SELECT 685
44902, INSERT 1031, 613105904
44934, INSERT 1042, 1967603327
44981, INSERT 858, 1042235998
45023, INSERT 648, 1707629915
45049, INSERT 1584, 302680071
45061, SELECT 1306
45080, INSERT 1469, 2111249615
45126, SELECT 1100
45157, INSERT 686, 1153352448
45163, SELECT 489
45206, SELECT 1321
45255, SELECT 772
45294, SELECT 1115
45335, INSERT 233, 477167628
45382, SELECT 892
45396, SELECT 526
45441, SELECT 987
45474, SELECT 1072
45489, SELECT 1245
45516, SELECT 1255
45534, INSERT 404, 902870363
45546, SELECT 1023
45558, INSERT 1170, 550438914
45563, SELECT 648
45593, SELECT 220
45637, INSERT 1451, 2133501410
45678, SELECT 552
45719, INSERT 1359, 706368018
45729, INSERT 167, 1974463375
45746, SELECT 434
45754, INSERT 498, 1159411405
45764, INSERT 901, 1665024534
45792, SELECT
45833, SELECT 1487
45834, SELECT 1189
45850, INSERT 900, 1471806267
45887, INSERT 512, 124765084
45927, INSERT 115, 2122723142
45929, SELECT 1916
45955, INSERT 371, 1699757046
45975, INSERT 989, 1515824836
46018, INSERT 1722, 987513625
46050, SELECT 593
46057, SELECT 1594
46092, SELECT 197
46139, INSERT 1284, 744406866
46165, SELECT 236
46182, SELECT 1848
46204, INSERT 377, 1832260593
46250, SELECT 537
46279, SELECT 550
46297, SELECT 115
46346, SELECT 1709
46376, INSERT 1691, 94427059
46417, INSERT 386, 1947227607
46442, SELECT 96
46458, INSERT 1719, 1523549265
46497, SELECT 1914
46540, INSERT 1037, 320502527
46587, INSERT 1966, 1614548145
46593, SELECT 1185
46610, INSERT 657, 751711428
46639, INSERT 54, 1669759657
46667, SELECT 1675
46700, INSERT 1918, 476516615
46745, INSERT 535, 320529478
46788, INSERT 1991, 782687239
46816, SELECT 917
46825, INSERT 1605, 1257562898
46856, SELECT 1907
46896, SELECT 1290
46937, INSERT 811, 2045786700
46960, SELECT 1164
46980, SELECT 1903
47012, SELECT 79
47030, SELECT 1750
47033, SELECT 220
47039, INSERT 430, 288154360
47072, INSERT 818, 840327931
47073, SELECT 1547
47117, INSERT 1795, 1905804723
47128, SELECT 806
47157, SELECT 1302
47197, SELECT 1695
47233, INSERT 1193, 542534452
47257, INSERT 1698, 618391508
47280, INSERT 1850, 864878267
47298, INSERT 1875, 61560515
47330, SELECT 648
47334, SELECT 1069
47360, INSERT 1039, 542485160
47372, SELECT 1974
47393, SELECT 1502
47395, INSERT 585, 1285278933
47405, SELECT 1740
47434, SELECT 262
47479, SELECT
47522, SELECT 1562
47563, SELECT 1468
47577, SELECT 87
47622, INSERT 1875, 2113335105
47661, SELECT 5
47689, SELECT 260
47712, INSERT 1577, 2031110996
47755, INSERT 776, 728552651
47772, SELECT 927
47780, SELECT 294
47828, INSERT 43, 1766267051
47858, SELECT 1696
47890, SELECT 669
47926, SELECT 402
47974, INSERT 649, 776660503
48014, INSERT 1728, 241068833
48033, INSERT 1410, 740995834
48061, INSERT 1656, 22232110
48109, INSERT 77, 488158872
48141, SELECT 1780
48188, SELECT 413
48233, INSERT 1224, 935095152
48239, INSERT 973, 50631637
48262, INSERT 663, 1820492681
48286, SELECT 680
48329, INSERT 582, 379909505
48370, INSERT 735, 1478753012
48413, INSERT 1129, 541944477
48443, INSERT 819, 1879159221
48484, SELECT 668
48516, INSERT 457, 629834982
48565, SELECT 999
48600, INSERT 1501, 1561120719
48615, INSERT 59, 1667358399
48647, INSERT 741, 1391745915
48681, SELECT 1808
48716, INSERT 848, 44338472
48719, INSERT 52, 1759105090
48754, INSERT 1389, 1268829039
48801, SELECT 62
48836, SELECT 1346
48859, SELECT 813
48879, SELECT 1407
48894, SELECT 1443
48929, INSERT 1188, 1617380104
48948, SELECT 499
48957, SELECT 377
48982, INSERT 1659, 1398762205
49028, INSERT 1905, 1755903357
49075, SELECT 1722
49089, INSERT 1231, 911226281
49101, INSERT 1065, 278304230
49124, SELECT 1244
49144, INSERT 1301, 344895818
49165, SELECT 1060
49205, SELECT 1932
49245, SELECT 1893
49276, SELECT 1600
49320, SELECT 726
49366, INSERT 37, 1808502744
49386, SELECT 1049
49413, INSERT 495, 1056805060
49447, SELECT 418
49467, SELECT 995
49473, SELECT 1313
49500, SELECT 1244
49510, INSERT 1480, 1439147701
49557, INSERT 483, 878041551
49592, SELECT 1808
49594, INSERT 839, 1281388298
49611, INSERT 515, 1761989278
49633, SELECT 1940
49667, SELECT 539
49687, INSERT 589, 1746245020
49706, INSERT 664, 976702593
49729, SELECT 803
49756, SELECT 1447
49795, INSERT 919, 1554978829
49807, INSERT 660, 567618867
49824, SELECT 1243
49858, SELECT 1941
49860, SELECT
49878, INSERT 636, 1115203444
49924, INSERT 1930, 278288772
49961, SELECT 539
49984, INSERT 1373, 407936168
50010, SELECT 80
