0, INSERT 584, 35758958
10, SELECT 389
48, SELECT 299
49, INSERT 996, 1858767311
62, INSERT 57, 1146634697
79, SELECT 823
90, SELECT 444
130, SELECT 473
158, INSERT 369, 601021603
183, SELECT 30
226, SELECT 662
275, SELECT 728
317, SELECT 768
321, INSERT 15, 879602120
324, SELECT 537
342, INSERT 585, 1727216735
358, INSERT 746, 1791145231
400, SELECT 459
449, INSERT 674, 1089878610
492, SELECT 247
504, SELECT 978
508, SELECT 157
516, SELECT 744
565, SELECT 806
577, SELECT 572
589, SELECT 136
612, INSERT 777, 101895247
648, SELECT 308
694, SELECT 479
717, SELECT 674
718, SELECT 884
742, SELECT 126
760, SELECT 956
779, INSERT 19, 1411971145
828, INSERT 512, 1378767017
871, INSERT 435, 1400059065
892, SELECT 441
920, INSERT 345, 1367715943
929, SELECT 638
974, SELECT 850
1021, SELECT 853
1033, SELECT 659
1059, SELECT 4
1064, INSERT 813, 1427263357
1072, INSERT 466, 1181842228
1111, INSERT 561, 347786435
1137, SELECT 709
1172, INSERT 751, 2135827287
1212, SELECT 209
1245, SELECT 833
1246, INSERT 913, 1979511385
1281, INSERT 543, 176341305
1324, SELECT 884
1351, INSERT 55, 1995692078
1356, SELECT 617
1396, INSERT 951, 315176726
1440, INSERT 204, 927612022
1461, SELECT
1489, SELECT 544
1521, INSERT 639, 977908896
1530, INSERT 699, 1818883831
1571, SELECT 462
1605, SELECT 120
1612, INSERT 790, 65952156
1651, INSERT 766, 64416332
1662, INSERT 111, 1446137453
1675, SELECT 270
1720, SELECT 814
1743, INSERT 148, 1144359221
1749, INSERT 134, 536655966
1751, INSERT 511, 1773657851
1784, INSERT 878, 683530705
1825, SELECT 425
1843, SELECT 45
1891, INSERT 588, 1999687301
1940, SELECT 131
1950, SELECT 51
1956, INSERT 926, 913323564
1960, SELECT
1970, SELECT 20
2009, INSERT 595, 959708926
2024, SELECT 466
2066, SELECT 559
2070, SELECT 267
2091, INSERT 379, 1377266616
2126, SELECT 214
2154, SELECT 350
2195, SELECT 419
2229, INSERT 812, 1985251733
2248, INSERT 264, 690882854
2258, INSERT 829, 465492079
2259, SELECT 646
2302, INSERT 576, 1542467110
2315, SELECT 962
2324, INSERT 881, 1336617762
2348, SELECT 236
2387, SELECT 73
2435, INSERT 880, 598827863
2445, INSERT 453, 511383880
2494, SELECT 867
2535, SELECT 581
2537, INSERT 174, 94556172
2572, SELECT 5
2586, SELECT 542
2628, SELECT 316
2669, SELECT 592
2688, INSERT 515, 401716469
2698, INSERT 978, 1223850365
2707, INSERT 795, 1723038795
2716, INSERT 208, 953512397
2741, SELECT 115
2768, SELECT
2796, INSERT 910, 857281849
2816, INSERT 897, 90116815
2819, SELECT 212
2855, SELECT 853
2886, SELECT 838
2899, SELECT 375
2938, INSERT 992, 1735203277
2987, INSERT 564, 124336900
3012, INSERT 954, 2078540705
3026, SELECT 396
3040, SELECT 802
3054, SELECT 622
3080, SELECT 244
3098, INSERT 755, 1533704804
3107, SELECT 4
3116, INSERT 43, 1402529924
3138, SELECT 442
3181, INSERT 573, 2054582696
3195, SELECT 284
3201, INSERT 95, 2029271788
3246, INSERT 286, 50265392
3278, INSERT 698, 987404852
3305, INSERT 785, 1599380617
3308, SELECT 180
3354, INSERT 367, 968752174
3361, INSERT 755, 1076627811
3381, SELECT 581
3404, INSERT 610, 2036711244
3426, SELECT 812
3466, INSERT 2, 247489621
3473, INSERT 910, 1345989680
3485, SELECT 698
3513, INSERT 356, 30839824
3556, SELECT 871
3587, SELECT 859
3605, INSERT 993, 131544480
3636, SELECT 388
3660, INSERT 377, 1947325634
3665, INSERT 320, 1859830617
3672, INSERT 266, 1230200143
3716, INSERT 17, 166326393
3722, SELECT 795
3764, INSERT 198, 36356115
3784, INSERT 757, 30164043
3797, SELECT 397
3823, SELECT 161
3824, INSERT 926, 1319296982
3840, SELECT 484
3866, INSERT 967, 199330576
3871, SELECT 34
3909, SELECT 260
3919, INSERT 508, 2028131781
3944, INSERT 602, 593343263
3951, SELECT 381
3954, SELECT 664
3987, INSERT 471, 1914902020
4011, SELECT 349
4020, SELECT 347
4065, SELECT 13
4113, SELECT 650
4160, SELECT 17
4178, INSERT 351, 1393684797
4227, SELECT 242
4269, INSERT 365, 617767366
4271, SELECT 489
4314, INSERT 768, 1780672899
4334, INSERT 374, 364533147
4346, INSERT 411, 217210586
4391, INSERT 722, 1473926274
4409, INSERT 538, 22722494
4427, SELECT 589
4458, SELECT 619
4488, INSERT 975, 686308035
4497, INSERT 787, 1680551994
4508, INSERT 626, 213144779
4513, INSERT 421, 2070184383
4522, SELECT 433
4550, SELECT 585
4556, SELECT 13
4596, INSERT 204, 1544996201
4634, SELECT 872
4637, INSERT 929, 926734970
4668, SELECT 56
4709, INSERT 915, 387632533
4730, INSERT 415, 1473717068
4747, INSERT 59, 1972132643
4768, INSERT 208, 865246541
4785, SELECT 35
4790, SELECT 340
4820, SELECT 82
4821, SELECT 619
4832, SELECT 672
4874, SELECT 424
4912, SELECT 691
4947, SELECT 670
4991, SELECT 853
5039, INSERT 969, 1975559862
5044, SELECT 878
5068, INSERT 676, 893725826
5081, INSERT 711, 1139670364
5112, SELECT 394
5122, SELECT 568
5148, SELECT 955
5153, INSERT 198, 1038258820
5194, SELECT 769
5239, SELECT 280
5258, SELECT 430
5300, SELECT 254
5347, SELECT 348
5395, SELECT 418
5404, INSERT 404, 952204431
5450, SELECT 249
5457, INSERT 594, 659149692
5496, SELECT 793
5543, INSERT 18, 1037154541
5573, SELECT 540
5584, INSERT 13, 349016573
5594, SELECT 124
5609, INSERT 603, 1101488606
5631, INSERT 352, 1632797203
5676, SELECT 648
5695, INSERT 466, 2146750982
5711, INSERT 389, 1521757038
5745, INSERT 810, 696047393
5778, SELECT 535
5808, SELECT 285
5842, INSERT 18, 1189443566
5859, INSERT 358, 1773208179
5904, INSERT 565, 1965477695
5931, INSERT 160, 203760594
5977, INSERT 851, 2032258643
6000, SELECT 106
6021, INSERT 839, 1226363116
6066, SELECT 291
6098, INSERT 961, 1953295749
6104, SELECT 206
6148, SELECT 419
6179, SELECT 593
6214, INSERT 610, 1263512861
6252, INSERT 824, 1910268335
6254, SELECT 59
6267, SELECT 100
6272, INSERT 280, 1151251572
6278, INSERT 988, 28085159
6296, SELECT 897
6297, INSERT 491, 1132698958
6322, INSERT 868, 1678421874
6333, SELECT 524
6343, INSERT 885, 417560337
6382, SELECT 100
6414, SELECT 342
6445, INSERT 475, 968771058
6452, SELECT 129
6455, SELECT 997
6476, SELECT 18
6522, INSERT 894, 1137999355
6560, SELECT 46
6578, SELECT 752
6613, SELECT 313
6648, INSERT 912, 558085163
6686, INSERT 641, 1307411045
6703, INSERT 472, 555900529
6713, SELECT 178
6716, SELECT 513
6756, SELECT 859
6800, INSERT 85, 742545943
6818, INSERT 427, 201359808
6852, SELECT 272
6886, INSERT 248, 1076729229
6911, INSERT 195, 792391590
6925, INSERT 859, 1027034562
6927, INSERT 709, 1670370997
6966, SELECT 916
6994, INSERT 368, 732853542
7011, INSERT 242, 1828196699
7059, INSERT 581, 1323988257
7089, SELECT 744
7123, SELECT 512
7153, INSERT 575, 1718530936
7181, SELECT 313
7219, SELECT 941
7222, INSERT 709, 1371376673
7268, SELECT 196
7271, INSERT 409, 1944468294
7296, INSERT 882, 1114317145
7324, SELECT 97
7360, INSERT 321, 742634714
7384, SELECT 725
7432, SELECT 309
7436, SELECT 220
7475, SELECT 769
7501, SELECT 250
7541, SELECT 327
7577, SELECT 810
7604, INSERT 227, 114431562
7607, INSERT 161, 776847798
7614, INSERT 225, 241882618
7628, INSERT 843, 1869990846
7662, SELECT 716
7670, INSERT 586, 1910837123
7697, INSERT 538, 1732969736
7711, INSERT 0, 352627405
7720, INSERT 761, 1809084238
7741, SELECT 428
7775, INSERT 633, 143647856
7805, INSERT 983, 1521106613
7846, INSERT 645, 135110439
7850, INSERT 660, 463997637
7882, INSERT 521, 2113377461
7923, INSERT 83, 1485701520
7945, INSERT 930, 2147159808
7962, INSERT 458, 373962584
7987, INSERT 29, 1494367569
8022, SELECT 174
8027, SELECT 858
8067, SELECT 151
8097, SELECT 74
8146, INSERT 603, 714304670
8165, SELECT 537
8186, SELECT 825
8234, INSERT 567, 1679493691
8235, SELECT 113
8238, INSERT 897, 2137952527
8257, INSERT 893, 1086081918
8305, SELECT 792
8344, INSERT 187, 674121932
8379, SELECT 756
8423, SELECT 102
8446, INSERT 898, 700463155
8465, INSERT 149, 1376936101
8467, INSERT 27, 1372054857
8481, SELECT 144
8484, INSERT 559, 1391089469
8513, SELECT 576
8527, INSERT 87, 653542115
8559, SELECT 292
8589, SELECT 218
8606, SELECT 675
8637, SELECT 695
8655, SELECT 86
8692, INSERT 708, 1671400821
8702, INSERT 511, 1891580557
8708, INSERT 42, 251917047
8719, SELECT
8733, SELECT 38
8757, INSERT 740, 1754127594
8781, SELECT 18
8823, SELECT 219
8860, INSERT 1, 1215515046
8883, INSERT 438, 211803661
8908, INSERT 655, 207111266
8909, SELECT
8932, SELECT 498
8972, SELECT 541
8973, SELECT 227
9012, INSERT 80, 1446694534
9016, SELECT 307
9060, INSERT 279, 1173185600
9071, INSERT 636, 1153404663
9082, INSERT 643, 1742742055
9129, SELECT 234
9134, INSERT 522, 1283154281
9145, SELECT 567
9150, SELECT 789
9171, SELECT 312
9216, INSERT 123, 531630004
9241, INSERT 285, 804627472
9290, SELECT 598
9308, SELECT 831
9352, SELECT 751
9365, SELECT 212
9377, SELECT 387
9417, SELECT 594
9458, INSERT 908, 1583470217
9500, INSERT 729, 1899570799
9502, INSERT 612, 538304018
9519, INSERT 213, 1153029358
9547, SELECT 573
9549, SELECT 397
9556, SELECT 793
9593, SELECT 138
9635, SELECT 23
9667, SELECT 708
9673, SELECT 112
9717, SELECT 837
9742, SELECT 986
9789, SELECT 989
9803, SELECT 928
9811, SELECT 132
9839, INSERT 393, 1292237133
9870, INSERT 891, 37091291
9911, INSERT 455, 695387334
9917, SELECT 301
9920, INSERT 295, 1781479160
9924, SELECT 313
9933, SELECT 133
9979, INSERT 552, 389315198
10007, SELECT 419
10029, INSERT 220, 661311647
10031, SELECT 746
10036, INSERT 872, 729839794
10037, INSERT 884, 2087119006
10069, INSERT 68, 2106201504
10083, INSERT 427, 1794342743
10105, SELECT 759
10137, INSERT 759, 1136206925
10157, INSERT 862, 1673230387
10205, SELECT 246
10226, INSERT 226, 1993851757
10271, INSERT 125, 1352686788
10280, SELECT 257
10306, SELECT 358
10348, INSERT 862, 575080598
10384, INSERT 103, 1744730966
10408, INSERT 942, 1980660965
10430, INSERT 9, 1404936703
10455, SELECT 829
10497, INSERT 926, 88608741
10529, INSERT 581, 133142026
10565, SELECT
10607, SELECT 941
10636, INSERT 535, 1104512833
10637, INSERT 414, 949916120
10665, INSERT 203, 407269656
10669, SELECT 753
10704, INSERT 311, 1085525643
10721, INSERT 820, 1363210682
10735, SELECT 77
10784, INSERT 104, 2099851464
10830, INSERT 432, 1136784591
10878, INSERT 534, 1040093426
10900, INSERT 361, 1242924516
10922, INSERT 508, 1053089274
10964, SELECT 831
10996, SELECT 118
11011, SELECT 196
11026, INSERT 457, 497299909
11044, INSERT 252, 1953242948
11051, INSERT 785, 834883067
11075, SELECT 281
11080, INSERT 205, 24161626
11096, SELECT 236
11098, INSERT 344, 2017997162
11126, INSERT 225, 146510595
11130, INSERT 180, 221173068
11160, INSERT 221, 437935548
11161, SELECT 492
11209, SELECT 806
11255, INSERT 21, 132712591
11290, INSERT 881, 1615888355
11296, INSERT 210, 181911892
11340, INSERT 349, 1771535679
11347, SELECT 132
11379, SELECT 967
11381, INSERT 998, 1536890460
11391, SELECT 96
11436, SELECT
11448, INSERT 163, 801093498
11490, INSERT 428, 2137882975
11509, SELECT 322
11544, INSERT 526, 776191213
11557, SELECT 160
11605, SELECT 40
11639, INSERT 166, 1186482436
11658, SELECT 172
11675, INSERT 111, 1142057037
11723, INSERT 473, 1452150526
11734, SELECT 48
11778, SELECT 465
11812, INSERT 28, 1053333923
11846, INSERT 40, 1282789080
11858, INSERT 679, 1323265013
11873, SELECT 430
11913, SELECT 396
11920, SELECT 901
11927, SELECT 0
11944, INSERT 155, 32760109
11990, SELECT 996
12036, SELECT 966
12049, SELECT 844
12082, SELECT 342
12099, SELECT 921
12134, SELECT 679
12183, INSERT 358, 282902578
12205, INSERT 260, 502223312
12253, SELECT 590
12302, SELECT 180
12326, INSERT 131, 1338759944
12361, SELECT 274
12370, SELECT 463
12408, INSERT 315, 62139077
12427, INSERT 15, 1702655858
12441, INSERT 532, 483043826
12454, INSERT 877, 1715860
12463, SELECT 714
12481, INSERT 446, 1475026736
12519, SELECT 431
12563, INSERT 965, 1790222066
12582, SELECT 731
12600, SELECT 797
12631, SELECT 117
12655, SELECT 643
12688, INSERT 102, 796630415
12701, SELECT 699
12740, SELECT 667
12751, SELECT 181
12771, SELECT 456
12800, INSERT 652, 1106467140
12829, SELECT 642
12837, INSERT 206, 1853570624
12854, INSERT 759, 1401385113
12903, SELECT 438
12938, SELECT 719
12958, SELECT 29
12998, SELECT 781
13002, SELECT 526
13031, SELECT 707
13073, INSERT 552, 988788724
13094, INSERT 332, 1909182498
13135, INSERT 200, 1711944821
13141, INSERT 762, 1748202765
13151, SELECT 25
13199, INSERT 827, 888393626
13229, INSERT 799, 906274960
13243, INSERT 68, 845821618
13283, SELECT 234
13294, INSERT 296, 3838833
13305, SELECT 563
13332, SELECT 659
13340, INSERT 324, 1396592956
13364, SELECT 770
13396, INSERT 858, 2142593132
13426, SELECT 591
13435, SELECT 249
13475, SELECT 719
13507, INSERT 806, 618902625
13550, INSERT 880, 1445881926
13588, INSERT 271, 73168380
13633, INSERT 924, 68416749
13640, SELECT 82
13671, INSERT 405, 663214266
13675, SELECT 726
13721, INSERT 852, 1338528703
13753, SELECT
13771, SELECT 904
13790, INSERT 184, 503572380
13813, SELECT 682
13851, SELECT 111
13900, SELECT 95
13917, SELECT 214
13930, SELECT 741
13948, INSERT 647, 826384635
13963, INSERT 570, 150146016
13997, SELECT 824
14019, INSERT 948, 1438202093
14044, SELECT 843
14092, INSERT 872, 1497249697
14099, SELECT 643
14122, INSERT 653, 1045944365
14128, INSERT 883, 363832180
14177, INSERT 377, 771544106
14193, SELECT 57
14228, SELECT 272
14266, SELECT 319
14279, INSERT 774, 107832691
14300, SELECT 795
14336, SELECT 461
14350, SELECT 995
14359, SELECT 301
14387, INSERT 531, 154867943
14431, SELECT
14454, SELECT 881
14486, SELECT 221
14525, SELECT 754
14527, SELECT 630
14546, INSERT 957, 1693899786
14593, SELECT 91
14642, INSERT 418, 1642102512
14643, SELECT 168
14673, SELECT 941
14689, INSERT 969, 2043286278
14735, SELECT 326
14753, INSERT 637, 762680569
14801, SELECT 782
14847, INSERT 54, 1043862298
14857, INSERT 899, 1044864481
14862, SELECT 13
14910, SELECT 93
14918, SELECT 341
14934, INSERT 853, 913983858
14936, INSERT 744, 2057162829
14962, INSERT 792, 815846783
14994, SELECT 574
15038, INSERT 747, 29977064
15046, INSERT 859, 785990252
15062, SELECT 683
15105, SELECT 331
15121, SELECT 918
15130, SELECT 860
15158, SELECT 29
15197, SELECT 48
15218, SELECT 842
15262, INSERT 196, 1797135269
15270, INSERT 117, 262220070
15318, INSERT 88, 2078596649
15361, INSERT 58, 1783745769
15384, INSERT 401, 566412934
15427, SELECT 203
15452, SELECT 473
15479, INSERT 263, 621085462
15496, INSERT 438, 65148661
15526, SELECT 684
15552, INSERT 885, 1086663000
15594, INSERT 170, 678740426
15633, SELECT 93
15642, SELECT 7
15684, SELECT 316
15729, SELECT 665
15769, SELECT 497
15771, INSERT 223, 1782518114
15799, SELECT 533
15800, SELECT 501
15833, INSERT 696, 2119687591
15869, INSERT 110, 872412095
15888, INSERT 185, 1320630039
15903, INSERT 786, 1863334320
15940, INSERT 708, 116716720
15959, SELECT 749
15975, SELECT 461
15985, INSERT 6, 1940919559
16017, SELECT 625
16064, SELECT 628
16098, INSERT 117, 1270796456
16140, SELECT 100
16186, SELECT 780
16198, INSERT 119, 2119267471
16247, SELECT 954
16278, SELECT 930
16299, INSERT 973, 1011669042
16339, INSERT 920, 303127784
16353, INSERT 365, 351340082
16381, SELECT 717
16393, INSERT 530, 645309912
16426, INSERT 671, 742558751
16461, SELECT 999
16507, SELECT 39
16556, INSERT 166, 1202944610
16588, INSERT 302, 1653198478
16636, SELECT 152
16682, SELECT 278
16684, SELECT 192
16690, SELECT 199
16720, SELECT 127
16746, SELECT 277
16751, INSERT 166, 791790939
16778, INSERT 81, 362679768
16785, SELECT 4
16821, SELECT 750
16833, INSERT 959, 2132861781
16847, SELECT 76
16892, SELECT 7
16907, INSERT 254, 94367249
16929, INSERT 70, 1296694222
16968, INSERT 743, 1489514595
17011, SELECT 357
17040, INSERT 483, 198886803
17051, INSERT 888, 318064187
17099, INSERT 7, 595910500
17119, INSERT 456, 1218626162
17139, INSERT 871, 2063448867
17164, INSERT 556, 1038796739
17186, SELECT 175
17217, INSERT 130, 1534031671
17254, SELECT 641
17278, SELECT 283
17293, INSERT 83, 510592610
17305, SELECT 699
17335, INSERT 296, 1693624813
17369, INSERT 850, 627409305
17404, INSERT 644, 858942117
17407, SELECT 694
17411, INSERT 528, 1805731305
17441, SELECT 540
17455, SELECT 400
17466, INSERT 259, 1406400649
17497, INSERT 569, 961137015
17545, INSERT 30, 1403343201
17580, INSERT 928, 1037759321
17591, INSERT 229, 1232539810
17620, INSERT 158, 1999966187
17633, INSERT 100, 1698369725
17638, SELECT 94
17659, INSERT 83, 846551887
17696, SELECT 791
17704, INSERT 724, 1584271185
17717, SELECT 399
17761, SELECT 881
17779, INSERT 818, 1762346531
17787, INSERT 390, 547680688
17795, SELECT 214
17836, SELECT 263
17842, SELECT 222
17872, INSERT 431, 1084589598
17905, INSERT 668, 835416581
17917, SELECT 491
17938, SELECT 320
17969, INSERT 233, 886959932
17999, SELECT 363
18035, SELECT 326
18067, SELECT 352
18110, INSERT 272, 1976961127
18143, INSERT 157, 1590295484
18176, INSERT 24, 985387791
18219, SELECT 201
18229, SELECT 854
18244, INSERT 622, 165938939
18284, INSERT 783, 328476450
18310, INSERT 746, 786746997
18331, SELECT 319
18349, SELECT 318
18355, INSERT 754, 1283225109
18380, INSERT 489, 1840234830
18416, SELECT 731
18428, INSERT 51, 1136509849
18452, INSERT 113, 1292923586
18478, INSERT 226, 678612109
18491, SELECT 322
18503, INSERT 843, 828242470
18516, INSERT 748, 1735861247
18545, INSERT 569, 1363902680
18574, SELECT 808
18585, INSERT 133, 2127865840
18610, INSERT 835, 349098516
18645, INSERT 789, 216962368
18659, INSERT 342, 1824202668
18666, INSERT 625, 546882592
18709, SELECT 921
18743, INSERT 954, 985046069
18774, INSERT 24, 1294301172
18803, INSERT 98, 517114304
18829, INSERT 821, 275658968
18860, SELECT 210
18886, SELECT 137
18920, SELECT 410
18935, INSERT 946, 1026433119
18962, INSERT 311, 554964987
18970, INSERT 537, 480065089
18972, INSERT 527, 1819108766
18989, INSERT 324, 179997172
19006, INSERT 622, 386564186
19009, INSERT 398, 67833774
19044, SELECT 904
19092, SELECT 398
19116, SELECT 313
19153, SELECT 255
19161, INSERT 184, 721938411
19167, SELECT 581
19187, INSERT 65, 1728392953
19215, SELECT 281
19255, INSERT 558, 714055806
19285, SELECT 412
19329, INSERT 375, 1544618911
19349, INSERT 346, 1680951576
19375, INSERT 36, 1278360044
19379, INSERT 910, 10316378
19380, INSERT 509, 1195929852
19407, INSERT 845, 1514250693
19417, INSERT 499, 982564199
19418, SELECT 511
19429, SELECT 992
19445, INSERT 178, 825299349
19449, INSERT 287, 398871712
19485, SELECT 751
19504, SELECT 408
19511, SELECT 389
19525, SELECT 986
19551, SELECT 871
19586, SELECT 304
19616, SELECT 941
19617, INSERT 484, 569685511
19628, SELECT 371
19639, SELECT 451
19656, INSERT 387, 1119844646
19701, INSERT 708, 1396330677
19729, INSERT 872, 393724969
19754, INSERT 471, 442801364
19776, SELECT 450
19819, INSERT 393, 2144612610
19830, SELECT 624
19865, INSERT 774, 1641290279
19905, INSERT 537, 1006735776
19912, SELECT 550
19923, INSERT 384, 1767483252
19936, INSERT 760, 1704077336
19946, SELECT 313
19976, SELECT 961
20018, INSERT 315, 663931078
20062, INSERT 954, 874144137
20083, INSERT 382, 381452664
20127, INSERT 69, 1251719677
20152, SELECT 834
20201, SELECT 905
20243, INSERT 436, 1991840036
20254, INSERT 156, 348131146
20291, SELECT 747
20318, INSERT 669, 270202739
20322, SELECT 144
20367, SELECT 184
20402, INSERT 810, 39007309
20422, SELECT 281
20454, INSERT 470, 1061827810
20486, INSERT 184, 2054139338
20533, INSERT 433, 647123975
20552, INSERT 36, 892171376
20598, INSERT 754, 22395750
20607, SELECT 255
20631, INSERT 228, 1887624150
20663, INSERT 763, 2140196834
20693, INSERT 103, 292621213
20724, INSERT 477, 113356025
20763, INSERT 193, 1497868718
20771, SELECT 376
20787, INSERT 97, 610131479
20836, SELECT 41
20857, INSERT 23, 851602280
20897, INSERT 305, 1746383505
20920, INSERT 698, 109038040
20931, SELECT 745
20963, SELECT 715
20983, INSERT 105, 1839014887
21006, SELECT 255
21008, INSERT 3, 1371836291
21019, INSERT 713, 860131286
21027, INSERT 254, 1048297323
21035, INSERT 240, 1532158387
21080, SELECT 407
21110, INSERT 647, 625398054
21147, INSERT 633, 287688786
21153, INSERT 943, 2029855963
21189, INSERT 772, 2098744251
21211, INSERT 832, 335732475
21221, INSERT 594, 1192457471
21243, SELECT 28
21246, INSERT 940, 1513550416
21281, INSERT 660, 1479111372
21322, SELECT 817
21343, SELECT 983
21350, INSERT 754, 200162633
21380, INSERT 280, 1836858268
21425, INSERT 219, 423823775
21463, INSERT 844, 36894825
21504, SELECT 719
21516, INSERT 250, 1221778419
21536, INSERT 145, 1548039999
21545, INSERT 728, 1306227326
21551, SELECT 137
21599, INSERT 420, 1687048159
21605, INSERT 789, 1489493753
21652, INSERT 931, 1588401539
21695, SELECT 822
21720, SELECT 898
21723, INSERT 703, 1124303426
21729, SELECT 900
21743, SELECT 146
21777, SELECT 348
21787, INSERT 608, 302615801
21810, SELECT 927
21818, INSERT 852, 627722079
21820, SELECT 538
21862, SELECT 788
21901, SELECT 551
21921, SELECT 333
21940, SELECT 161
21981, SELECT 194
22029, SELECT 502
22057, SELECT 712
22092, INSERT 875, 790256919
22117, SELECT 155
22148, INSERT 572, 617792680
22179, INSERT 743, 1205811145
22186, INSERT 553, 788007666
22203, SELECT 384
22217, SELECT 236
22221, SELECT 0
22247, SELECT 2
22248, INSERT 836, 1769380670
22273, SELECT 578
22277, INSERT 562, 1945685108
22320, SELECT 270
22331, INSERT 371, 34253236
22377, INSERT 100, 1239080327
22425, INSERT 84, 112749995
22427, SELECT 676
22438, SELECT 84
22461, SELECT 430
22469, SELECT 917
22487, SELECT 183
22498, SELECT 521
22527, SELECT 522
22574, INSERT 849, 937214385
22615, INSERT 551, 1066011764
22644, SELECT 132
22661, INSERT 816, 1060323400
22668, SELECT 54
22677, INSERT 219, 653318380
22711, SELECT 70
22750, INSERT 93, 821609111
22784, INSERT 132, 419570105
22828, INSERT 604, 1451595091
22845, SELECT 471
22893, INSERT 845, 1990699409
22900, INSERT 391, 1378505187
22948, INSERT 347, 1651475999
22950, SELECT 925
22982, INSERT 701, 747448336
23021, INSERT 458, 670084575
23029, SELECT 691
23046, INSERT 724, 762400197
23088, SELECT 461
23091, SELECT 511
23133, INSERT 412, 1420950411
23167, INSERT 155, 717104826
23202, SELECT 849
23208, SELECT 663
23246, SELECT 519
23279, SELECT 787
23294, SELECT 292
23305, INSERT 870, 1549637632
23332, INSERT 499, 733428638
23377, SELECT 786
23400, INSERT 997, 1414124225
23408, SELECT 872
23412, SELECT 521
23419, INSERT 842, 318932194
23427, SELECT 686
23449, SELECT 411
23489, INSERT 300, 1992929858
23513, INSERT 764, 2094786272
23558, SELECT 388
23593, SELECT 413
23631, INSERT 224, 1184152753
23661, INSERT 582, 296411765
23679, INSERT 195, 589044385
23700, SELECT 602
23708, SELECT 828
23737, INSERT 390, 1568357022
23782, SELECT 148
23800, INSERT 446, 1074420889
23849, SELECT 404
23881, SELECT 459
23917, INSERT 580, 280531068
23924, INSERT 552, 2048747067
23956, INSERT 225, 250338834
23996, SELECT 446
24028, INSERT 650, 1888791801
24064, INSERT 780, 1921016752
24109, SELECT 462
24110, SELECT 597
24148, INSERT 94, 886225256
24184, INSERT 587, 883853257
24192, SELECT 906
24204, INSERT 704, 361956485
24210, INSERT 752, 308723663
24255, SELECT 300
24274, SELECT 447
24284, INSERT 938, 1541141996
24308, SELECT 405
24344, INSERT 717, 842104578
24389, INSERT 718, 127380748
24435, SELECT 575
24484, INSERT 341, 1139449708
24493, SELECT 828
24526, SELECT 43
24528, INSERT 213, 155167393
24564, SELECT 599
24613, INSERT 448, 1493944785
24651, INSERT 237, 1454123237
24662, SELECT 507
24663, SELECT 75
24700, INSERT 536, 1429638624
24747, SELECT 925
24767, SELECT 767
24769, SELECT 156
24792, INSERT 595, 1484774114
24826, SELECT 821
24855, INSERT 607, 2113689435
24877, SELECT 384
24911, INSERT 324, 687861374
