0, SELECT 67
23, INSERT 187, 696852129
61, INSERT 339, 1373289621
109, SELECT 243
156, SELECT 295
182, INSERT 451, 369034066
201, INSERT 117, 677617484
230, INSERT 816, 1374942966
246, SELECT 456
251, INSERT 698, 1976173633
258, INSERT 928, 1982187158
263, SELECT 622
284, SELECT 562
289, SELECT 829
308, INSERT 682, 258842352
320, SELECT 592
352, SELECT 78
386, SELECT 617
427, SELECT 455
445, SELECT 611
448, INSERT 888, 2136334179
471, INSERT 558, 1736368974
474, INSERT 81, 1944568601
506, SELECT 251
521, INSERT 288, 848245918
544, INSERT 939, 1047358428
566, INSERT 744, 1208741777
583, INSERT 469, 1816010761
589, INSERT 73, 1599318767
638, SELECT 381
645, SELECT 250
688, INSERT 972, 516466515
730, SELECT 24
742, SELECT 840
770, INSERT 564, 795467247
795, SELECT 671
843, INSERT 792, 1232288576
868, SELECT 544
879, SELECT 955
889, SELECT 188
895, SELECT 423
907, INSERT 605, 924568036
953, INSERT 189, 1251355417
963, SELECT 145
966, INSERT 286, 1334967971
989, INSERT 736, 1938788646
1022, SELECT 333
1044, INSERT 654, 1860360950
1082, INSERT 249, 10657301
1096, INSERT 438, 1114960250
1127, INSERT 654, 583115308
1164, SELECT 451
1166, INSERT 914, 1797966980
1186, INSERT 738, 1551199889
1224, SELECT 625
1255, INSERT 1, 1551931311
1284, INSERT 812, 1752292265
1309, SELECT 2
1354, SELECT 87
1391, INSERT 156, 2079684963
1404, INSERT 297, 687024747
1418, SELECT 762
1450, SELECT 449
1464, SELECT 358
1482, SELECT 423
1525, SELECT 168
1537, SELECT 635
1538, SELECT 303
1571, SELECT 264
1619, SELECT 760
1662, INSERT 177, 2107771915
1693, INSERT 733, 208467264
1736, SELECT 812
1774, SELECT 720
1795, INSERT 85, 795331481
1839, SELECT 987
1866, SELECT 466
1888, SELECT 677
1913, SELECT 823
1931, SELECT 809
1940, SELECT 385
1986, INSERT 532, 2001685375
2021, SELECT 845
2051, INSERT 870, 66159377
2066, INSERT 432, 1495965491
2098, INSERT 652, 540625558
2111, INSERT 320, 1801763912
2120, INSERT 362, 987950018
2149, INSERT 191, 130094116
2153, INSERT 64, 822820298
2173, SELECT 796
2212, SELECT 421
2216, SELECT 167
2242, SELECT 912
2251, SELECT 872
2293, SELECT 434
2307, INSERT 254, 688509632
2351, SELECT 945
2358, INSERT 295, 1691094423
2383, SELECT 709
2431, SELECT 635
2468, INSERT 931, 1608853000
2474, INSERT 883, 1211685876
2485, INSERT 538, 1520557419
2490, INSERT 510, 857217010
2504, SELECT 251
2533, SELECT 479
2560, INSERT 406, 689916536
2562, INSERT 903, 2031673087
2607, INSERT 680, 195289225
2630, SELECT 599
2676, INSERT 723, 2005346638
2702, SELECT 180
2719, INSERT 424, 447273829
2737, SELECT 180
2745, INSERT 202, 1554461931
2788, SELECT 794
2803, SELECT 961
2835, INSERT 947, 1674632941
2862, SELECT 176
2904, INSERT 967, 2059599527
2938, INSERT 976, 2075604100
2939, SELECT 390
2943, SELECT 999
2958, INSERT 726, 783207574
3001, SELECT 919
3040, SELECT 925
3047, SELECT 411
3057, SELECT 44
3081, INSERT 39, 1389149325
3110, SELECT 593
3111, INSERT 896, 310863530
3135, SELECT 55
3146, SELECT 920
3169, INSERT 163, 2034665866
3203, INSERT 843, 772370685
3205, INSERT 190, 385193723
3214, SELECT 58
3237, INSERT 778, 660890710
3244, INSERT 917, 845210528
3286, INSERT 443, 375976746
3295, SELECT 239
3324, INSERT 581, 936050218
3328, INSERT 956, 1149644777
3364, INSERT 559, 1765733020
3375, SELECT 588
3397, INSERT 604, 296401838
3406, INSERT 781, 881144089
3413, SELECT 299
3443, SELECT 426
3492, SELECT 759
3508, INSERT 978, 769918994
3515, INSERT 590, 1522082755
3540, INSERT 182, 263877739
3561, SELECT 747
3562, INSERT 58, 1238998646
3593, INSERT 305, 664671533
3642, SELECT 48
3654, INSERT 836, 560310772
3660, INSERT 276, 758871590
3682, INSERT 14, 2014976830
3703, INSERT 917, 75902642
3732, SELECT 751
3778, INSERT 424, 1997069260
3822, INSERT 130, 300728756
3860, SELECT 466
3876, SELECT 359
3889, SELECT
3899, SELECT 307
3937, INSERT 119, 358520866
3965, INSERT 269, 1549288751
3966, SELECT 122
4005, SELECT 368
4010, INSERT 136, 1243732137
4048, SELECT 623
4091, SELECT 776
4124, SELECT 172
4151, INSERT 669, 1909489904
4189, SELECT 886
4214, SELECT 693
4221, INSERT 679, 1398130448
4239, SELECT 113
4261, SELECT 883
4286, INSERT 298, 2048296132
4321, INSERT 54, 50389993
4326, INSERT 585, 1405356880
4328, INSERT 596, 498798016
4353, INSERT 74, 1768474333
4378, SELECT 448
4424, SELECT 114
4427, SELECT 727
4457, SELECT 275
4485, SELECT 11
4529, INSERT 606, 285892907
4570, INSERT 611, 718774153
4617, SELECT 192
4654, SELECT 637
4655, SELECT 788
4659, SELECT 515
4673, SELECT 253
4704, INSERT 672, 1906956264
4707, INSERT 930, 321171414
4720, INSERT 615, 1928316391
4735, INSERT 157, 804249306
4783, SELECT 889
4803, SELECT 709
4832, INSERT 942, 2045199262
4851, INSERT 857, 2094867873
4899, INSERT 714, 1366119309
4900, SELECT 671
4939, INSERT 389, 1414859722
4951, INSERT 492, 2103132270
4990, SELECT 737
5033, INSERT 851, 1849405976
5036, SELECT 657
5042, SELECT 157
5067, SELECT 937
5086, SELECT 250
5106, INSERT 107, 359999487
5125, SELECT 457
5170, SELECT 796
5197, INSERT 109, 1736517592
5222, SELECT 48
5243, INSERT 550, 1726465250
5267, INSERT 164, 1277478224
5278, SELECT 261
5290, INSERT 333, 1173016399
5293, SELECT 449
5317, SELECT 158
5357, SELECT 374
5383, INSERT 430, 1122034014
5430, INSERT 832, 1995752521
5468, INSERT 697, 295583936
5490, SELECT 354
5508, SELECT 244
5547, SELECT 822
5565, INSERT 560, 1241821589
5601, INSERT 995, 1081132425
5632, SELECT 90
5639, INSERT 320, 1960832554
5662, INSERT 777, 1616956987
5711, INSERT 8, 1306763508
5740, INSERT 798, 1935233470
5760, INSERT 587, 2077811474
5778, SELECT 809
5815, INSERT 201, 808283726
5831, INSERT 520, 1397915248
5871, INSERT 229, 596297584
5900, SELECT 383
5939, SELECT 7
5946, SELECT 333
5976, INSERT 105, 527863357
5986, INSERT 725, 1109319190
6032, SELECT 211
6042, INSERT 444, 1703736958
6083, INSERT 792, 925256434
6092, SELECT 741
6122, INSERT 181, 784662041
6160, INSERT 687, 1723033398
6174, SELECT 214
6179, INSERT 447, 1543820806
6201, SELECT 75
6226, SELECT 385
6254, INSERT 174, 1643684619
6262, SELECT 72
6301, INSERT 653, 2145367119
6346, INSERT 744, 1648220332
6387, INSERT 944, 716349752
6418, INSERT 705, 1198255220
6463, INSERT 996, 969482101
6472, INSERT 243, 52950934
6474, SELECT 729
6522, SELECT 709
6557, SELECT 723
6588, INSERT 803, 160548130
6636, SELECT 140
6667, SELECT 323
6684, SELECT 84
6712, SELECT 541
6718, SELECT 118
6745, INSERT 789, 1937061360
6780, INSERT 634, 1950668673
6820, SELECT 460
6834, SELECT 574
6883, INSERT 402, 376907469
6885, INSERT 393, 775515930
6889, SELECT 981
6929, SELECT 992
6953, SELECT 954
6993, INSERT 427, 831678796
7004, SELECT 354
7038, INSERT 814, 1372197366
7050, INSERT 554, 36622652
7062, SELECT 62
7093, INSERT 836, 331448247
7098, SELECT 902
7117, SELECT 585
7137, SELECT 636
7171, INSERT 962, 365533471
7218, INSERT 680, 1440611698
7255, SELECT 467
7272, SELECT 672
7302, INSERT 333, 798643837
7328, INSERT 300, 1202170421
7365, SELECT 736
7385, INSERT 243, 1517355001
7413, SELECT 212
7455, SELECT 582
7492, INSERT 410, 1237402045
7537, SELECT 794
7546, INSERT 990, 2002173536
7556, INSERT 122, 866944200
7591, INSERT 418, 718058291
7595, SELECT 515
7609, INSERT 907, 900665378
7621, SELECT 675
7639, SELECT 348
7682, SELECT 111
7685, INSERT 557, 196294550
7697, INSERT 511, 338137444
7737, SELECT 435
7762, SELECT 802
7807, SELECT 867
7843, INSERT 549, 1342953254
7867, INSERT 571, 954183088
7906, SELECT 988
7943, INSERT 274, 1899516465
7962, INSERT 276, 2053213908
7988, SELECT 308
7991, INSERT 174, 1270488179
8003, SELECT 967
8024, SELECT 914
8055, SELECT 923
8092, INSERT 379, 50075360
8112, SELECT 194
8137, SELECT 729
8168, INSERT 339, 2110632530
8194, INSERT 570, 176642334
8201, SELECT 956
8217, SELECT 964
8263, INSERT 254, 977478549
8291, INSERT 217, 990615680
8310, SELECT 545
8345, SELECT 599
8365, SELECT 62
8387, INSERT 392, 834522737
8405, SELECT 758
8447, INSERT 697, 1767262693
8493, SELECT 134
8512, SELECT 264
8519, SELECT 923
8536, INSERT 368, 347512170
8580, SELECT 608
8591, SELECT 531
8639, SELECT 34
8668, INSERT 605, 2034385842
8713, INSERT 609, 2131405012
8748, SELECT 445
8776, INSERT 926, 1221304158
8815, INSERT 59, 723121991
8823, SELECT 243
8866, INSERT 599, 912195704
8876, SELECT 513
8919, INSERT 692, 1454253635
8933, SELECT 240
8954, INSERT 448, 1976902320
8974, INSERT 56, 295315414
9003, SELECT 498
9043, SELECT 952
9072, INSERT 74, 1746163835
9096, INSERT 789, 2099509491
9135, SELECT 418
9155, INSERT 296, 254704136
9177, SELECT 783
9186, SELECT 767
9188, INSERT 839, 545204174
9237, SELECT 110
9250, SELECT 910
9279, INSERT 751, 495113714
9308, INSERT 125, 1469067989
9334, SELECT 335
9366, SELECT 988
9407, INSERT 781, 1349770454
9432, INSERT 780, 57725564
9449, SELECT 127
9450, INSERT 161, 1402368633
9458, INSERT 528, 515001199
9462, SELECT 699
9503, INSERT 241, 846413713
9539, SELECT 358
9570, SELECT 165
9617, INSERT 401, 607942536
9638, SELECT 51
9662, SELECT 57
9686, INSERT 180, 572396727
9691, SELECT 144
9735, INSERT 798, 730594252
9739, INSERT 308, 1804861334
9785, SELECT 281
9795, SELECT 690
9844, INSERT 812, 736839622
9884, INSERT 218, 1786765875
9908, INSERT 917, 1345936263
9924, INSERT 257, 1730323017
9964, INSERT 269, 1883681791
9997, INSERT 217, 86594955
10018, INSERT 116, 1823565724
10042, INSERT 864, 1031236340
10062, INSERT 282, 1837636748
10111, SELECT 750
10154, SELECT 882
10177, SELECT 599
10196, SELECT 63
10232, SELECT 923
10234, SELECT 759
10236, INSERT 344, 177806778
10252, INSERT 229, 1790768005
10255, INSERT 807, 473814951
10294, SELECT
10329, INSERT 334, 1226442879
10365, SELECT 474
10404, SELECT 752
10433, INSERT 358, 1777201726
10445, SELECT 722
10470, SELECT 563
10472, INSERT 682, 1174552866
10520, SELECT 273
10531, SELECT 716
10565, INSERT 194, 495793731
10591, SELECT 164
10617, SELECT 367
10651, SELECT 570
10662, SELECT 77
10684, SELECT 280
10726, SELECT 885
10759, SELECT 777
10767, SELECT 24
10790, INSERT 212, 1286659024
10793, SELECT 347
10833, INSERT 853, 856215430
10849, SELECT 413
10863, INSERT 283, 1982177573
10896, SELECT 540
10916, SELECT 991
10923, SELECT 51
10945, SELECT 862
10974, SELECT
11015, SELECT 477
11042, INSERT 103, 1222687345
11090, INSERT 129, 1061199968
11134, INSERT 210, 778752513
11161, SELECT 206
11180, INSERT 52, 444019840
11226, INSERT 801, 2057947650
11264, SELECT 831
11282, INSERT 458, 422210714
11306, INSERT 853, 908422162
11321, INSERT 544, 1131952092
11322, INSERT 327, 1488668278
11334, INSERT 572, 1927653338
11379, SELECT 725
11413, SELECT 440
11429, INSERT 809, 830924022
11442, INSERT 132, 1433749232
11487, INSERT 892, 229409202
11493, INSERT 916, 596561745
11521, SELECT 552
11559, INSERT 728, 1215966840
11560, INSERT 920, 1389975465
11590, SELECT 485
11634, INSERT 107, 311214632
11649, INSERT 262, 1529664682
11662, SELECT 215
11677, INSERT 786, 1421328889
11717, INSERT 169, 318980394
11756, SELECT 207
11777, INSERT 383, 2065880201
11796, INSERT 71, 360211271
11821, INSERT 218, 1499666317
11828, SELECT 397
11841, INSERT 306, 222158329
11857, SELECT 537
11883, INSERT 849, 519146505
11911, INSERT 696, 1917488793
11948, SELECT 54
11986, INSERT 333, 1634431276
12015, SELECT 894
12028, INSERT 520, 56961769
12047, SELECT 305
12081, SELECT 903
12129, SELECT 120
12161, SELECT 117
12196, INSERT 962, 519844077
12199, SELECT 962
12207, SELECT 690
12246, INSERT 290, 919417201
12283, SELECT 790
12307, INSERT 204, 349025685
12308, SELECT 929
12350, INSERT 125, 1630884487
12351, SELECT 921
12358, INSERT 983, 961465161
12366, SELECT 143
12369, INSERT 114, 1306727642
12397, INSERT 382, 1746457955
12445, SELECT 319
12451, SELECT 217
12493, SELECT 936
12514, SELECT 181
12524, INSERT 302, 988275616
12566, INSERT 641, 1213719875
12578, INSERT 103, 1731274457
12613, INSERT 374, 1797533961
12654, INSERT 797, 442391362
12702, SELECT 325
12705, SELECT 454
12745, INSERT 723, 652009160
12772, SELECT 186
12808, SELECT 542
12817, INSERT 85, 132109866
12852, INSERT 506, 824373564
12868, INSERT 104, 231758405
12915, INSERT 203, 689503053
12943, SELECT 72
12984, INSERT 749, 31721427
13001, SELECT 778
13004, INSERT 121, 1953255629
13021, INSERT 33, 1964111201
13060, SELECT 615
13073, INSERT 134, 1170460180
13079, SELECT 66
13115, INSERT 616, 1586366169
13140, SELECT 985
13156, INSERT 724, 1924181057
13164, SELECT 132
13172, INSERT 770, 1507722127
13194, INSERT 541, 1785303482
13211, SELECT 610
13214, INSERT 899, 1547726247
13237, INSERT 49, 2023768845
13265, INSERT 404, 936916032
13292, INSERT 600, 1522133754
13293, SELECT 531
13336, INSERT 396, 1975122977
13378, SELECT 440
13406, SELECT 704
13411, INSERT 933, 235275142
13420, INSERT 441, 2028600205
13454, INSERT 561, 1644370852
13493, INSERT 165, 821030457
13527, SELECT 612
13544, INSERT 736, 106214823
13584, SELECT 810
13613, SELECT 785
13662, SELECT 427
13668, INSERT 538, 19015079
13683, SELECT 475
13705, SELECT 511
13729, INSERT 751, 1561261511
13777, SELECT 806
13796, SELECT 190
13803, SELECT 70
13804, SELECT 90
13853, SELECT 197
13868, SELECT 821
13890, INSERT 607, 381738337
13932, INSERT 331, 684726530
13975, SELECT 212
13992, SELECT 231
14002, INSERT 879, 1417570917
14010, SELECT 665
14052, INSERT 525, 1589914792
14101, SELECT 157
14124, SELECT 110
14138, INSERT 339, 1644618729
14153, INSERT 212, 772138393
14200, SELECT 444
14234, INSERT 7, 2034647958
14280, SELECT 647
14320, SELECT 813
14362, SELECT 302
14373, SELECT 790
14382, SELECT 66
14383, INSERT 360, 198061496
14411, INSERT 708, 630268362
14425, INSERT 58, 2041724414
14452, INSERT 228, 1711110194
14495, SELECT 333
14535, SELECT 708
14571, SELECT 296
14611, SELECT 737
14615, SELECT 815
14630, SELECT 698
14642, INSERT 531, 1622982409
14669, INSERT 756, 1586068209
14691, SELECT 435
14723, SELECT 481
14733, SELECT 659
14781, INSERT 485, 680957238
14821, INSERT 870, 1299333348
14848, INSERT 495, 612097492
14880, SELECT 773
14929, INSERT 174, 728690063
14937, INSERT 864, 1826585955
14940, SELECT 458
14974, INSERT 630, 1393613695
14985, INSERT 733, 1763119947
15012, INSERT 953, 457118696
15038, INSERT 193, 43600971
15061, SELECT 21
15087, INSERT 487, 27580744
15111, INSERT 506, 1218424077
15138, SELECT 958
15149, INSERT 928, 188649385
15188, SELECT 233
15232, INSERT 230, 1676747925
15243, SELECT 2
15254, SELECT 405
15257, INSERT 937, 399210083
15305, SELECT 180
15350, INSERT 272, 1950210252
15397, SELECT 98
15408, INSERT 238, 1319611984
15436, SELECT 241
15449, SELECT 514
15459, SELECT 704
15472, SELECT 134
15496, SELECT 164
15530, SELECT 712
15531, INSERT 841, 480606183
15579, SELECT 98
15609, SELECT 509
15656, SELECT 264
15697, SELECT 408
15737, SELECT 70
15742, SELECT 481
15791, INSERT 939, 1442454794
15803, INSERT 234, 2015467653
15846, SELECT 474
15882, INSERT 98, 1011985756
15884, INSERT 195, 1672729405
15925, SELECT 17
15970, SELECT 438
16003, SELECT 105
16009, INSERT 111, 1140462701
16050, INSERT 280, 1093073095
16073, SELECT 253
16079, SELECT 539
16103, INSERT 41, 1524651839
16136, SELECT 134
16172, SELECT 317
16198, SELECT 94
16220, INSERT 368, 918263557
16228, SELECT 859
16234, SELECT 830
16257, INSERT 909, 888761606
16269, INSERT 968, 1006703034
16305, INSERT 440, 559789074
16337, SELECT 913
16358, SELECT 664
16393, INSERT 810, 1428535228
16400, INSERT 386, 1936765053
16428, INSERT 602, 2101086499
16454, SELECT 647
16455, INSERT 88, 322944958
16496, SELECT 27
16497, INSERT 794, 378651131
16535, SELECT 145
16570, SELECT 149
16584, INSERT 279, 2089747553
16633, INSERT 913, 1173677738
16673, INSERT 733, 1716727489
16688, INSERT 900, 154786097
16731, SELECT 898
16778, SELECT 26
16801, INSERT 131, 1786572223
16838, INSERT 279, 1877410757
16873, SELECT 768
16877, INSERT 166, 1636517228
16921, SELECT 541
16940, SELECT 620
16981, INSERT 271, 1847839157
17022, INSERT 210, 1060385521
17051, INSERT 511, 1661942770
17097, INSERT 809, 766736225
17106, SELECT 766
17145, INSERT 10, 1627242113
17178, INSERT 2, 259094733
17206, INSERT 651, 1001888046
17223, SELECT
17241, INSERT 419, 123066424
17265, INSERT 877, 401097631
17305, SELECT 826
17345, INSERT 856, 773387145
17371, SELECT 842
17405, INSERT 514, 405783430
17442, INSERT 89, 1986649146
17465, SELECT 443
17486, INSERT 446, 369677716
17524, SELECT 446
17569, SELECT 153
17583, INSERT 188, 240028974
17618, SELECT 559
17629, SELECT 999
17662, INSERT 314, 569181295
17674, SELECT 205
17702, SELECT 741
17730, SELECT 713
17746, SELECT 745
17754, INSERT 910, 1064455296
17756, SELECT 702
17779, INSERT 226, 1624687347
17816, INSERT 501, 1141681209
17840, INSERT 217, 2038021507
17851, SELECT 329
17893, INSERT 549, 58587291
17901, INSERT 253, 1182990227
17937, SELECT 310
17953, SELECT 251
17990, INSERT 740, 157527708
18026, SELECT 114
18035, INSERT 226, 2084102832
18058, SELECT 164
18096, SELECT 587
18117, INSERT 540, 91288044
18129, SELECT 180
18159, INSERT 211, 1435728270
18165, SELECT 197
18178, SELECT 199
18201, INSERT 844, 205233729
18211, INSERT 101, 1579399194
18214, SELECT 740
18223, SELECT 553
18247, SELECT 47
18278, SELECT 991
18320, SELECT 484
18359, INSERT 908, 524577052
18407, INSERT 128, 2132915616
18424, INSERT 845, 2038510896
18453, INSERT 133, 2005272179
18485, INSERT 500, 990262635
18492, SELECT 557
18526, SELECT 651
18572, SELECT 639
18593, SELECT 719
18631, INSERT 767, 1539494220
18657, SELECT 37
18699, SELECT 322
18733, SELECT 384
18736, INSERT 342, 268604841
18767, INSERT 564, 885224459
18810, INSERT 64, 1051498439
18821, INSERT 532, 2053707965
18838, INSERT 167, 744198259
18873, SELECT 311
18895, SELECT 788
18900, INSERT 977, 764314868
18925, SELECT 12
18939, SELECT 415
18976, INSERT 848, 79786514
19014, SELECT 645
19032, SELECT 259
19052, SELECT 273
19075, INSERT 679, 2006714281
19107, SELECT 607
19132, SELECT 348
19163, SELECT 511
19179, SELECT 347
19225, SELECT 723
19267, INSERT 428, 1225284620
19281, SELECT 508
19290, INSERT 554, 524122285
19298, INSERT 771, 2062549364
19300, INSERT 537, 122406778
19337, INSERT 21, 1803974146
19378, INSERT 953, 1403079951
19398, INSERT 338, 1178805037
19422, SELECT 584
19440, SELECT 782
19478, INSERT 174, 678036039
19526, INSERT 362, 288538562
19575, SELECT 693
19594, INSERT 984, 773972950
19596, SELECT 807
19634, INSERT 120, 1801978500
19682, INSERT 758, 414660856
19687, INSERT 613, 593643656
19732, SELECT 264
19748, SELECT 398
19754, SELECT 738
19755, SELECT 997
19803, SELECT 758
19804, SELECT
19827, INSERT 335, 742839635
19875, SELECT 51
19914, INSERT 39, 1680845917
19945, INSERT 719, 108840841
19962, SELECT 699
20009, SELECT 820
20025, SELECT 222
20043, SELECT 257
20063, SELECT 910
20111, INSERT 914, 1546054422
20157, SELECT 701
20205, SELECT 807
20218, SELECT 44
20252, SELECT 835
20300, SELECT 131
20345, SELECT 155
20354, SELECT 881
20372, SELECT 972
20412, SELECT 178
20449, SELECT 462
20463, SELECT 675
20484, SELECT 565
20517, INSERT 938, 985937394
20534, SELECT 990
20538, SELECT 195
20561, SELECT 441
20591, INSERT 244, 142775017
20595, SELECT 292
20628, SELECT 963
20676, INSERT 730, 799675009
20687, SELECT 347
20730, SELECT 17
20770, SELECT 22
20778, SELECT 591
20803, SELECT 182
20831, SELECT 769
20876, SELECT 781
20922, SELECT
20925, SELECT 987
20957, INSERT 108, 1225231409
21006, SELECT 252
21021, SELECT 131
21023, SELECT 466
21045, SELECT 807
21080, INSERT 447, 933038612
21092, SELECT 97
21140, SELECT 30
21141, SELECT 131
21161, SELECT 572
21178, INSERT 213, 2113138888
21220, SELECT 217
21252, INSERT 566, 212267639
21274, INSERT 285, 679985164
21275, SELECT 153
21313, INSERT 278, 1146432316
21349, INSERT 118, 788635558
21360, INSERT 78, 1049765374
21403, SELECT 446
21409, INSERT 587, 1527382475
21413, SELECT 601
21423, SELECT 673
21442, INSERT 119, 1532658105
21473, SELECT 206
21521, SELECT 810
21541, INSERT 9, 1097532020
21556, INSERT 239, 1008133839
21599, SELECT 548
21604, SELECT 123
21638, SELECT 762
21661, INSERT 993, 367234621
21662, INSERT 875, 1983735448
21670, INSERT 469, 924994235
21681, SELECT 679
21712, SELECT 113
21748, INSERT 804, 1146119283
21789, SELECT 979
21831, SELECT 299
21848, INSERT 359, 2042692098
21868, SELECT 930
21878, INSERT 309, 1299698426
21897, SELECT 309
21913, INSERT 498, 1604927727
21932, INSERT 39, 720351572
21964, INSERT 339, 963004612
22001, SELECT 468
22038, INSERT 94, 1519866271
22059, INSERT 280, 1688916783
22081, INSERT 911, 875140873
22121, INSERT 163, 119764664
22133, INSERT 661, 970508511
22143, SELECT 106
22166, INSERT 311, 2015270435
22191, INSERT 192, 657415754
22204, SELECT 199
22238, SELECT 954
22244, SELECT 994
22260, SELECT 440
22275, INSERT 221, 903580638
22287, SELECT 965
22299, SELECT 393
22302, INSERT 287, 861539559
22312, SELECT 965
22329, SELECT 590
22350, SELECT 480
22374, SELECT 825
22399, SELECT 214
22440, SELECT 628
22468, SELECT 693
22487, INSERT 901, 1674489751
22508, SELECT 713
22532, SELECT 331
22577, SELECT 527
22592, SELECT 307
22602, INSERT 899, 390720312
22637, INSERT 579, 884637128
22664, SELECT 436
22665, SELECT 926
22705, SELECT 571
22712, INSERT 354, 1999256690
22750, INSERT 305, 411400568
22789, SELECT 770
22809, SELECT 960
22839, SELECT 351
22855, INSERT 179, 2013628874
22864, SELECT 229
22885, INSERT 722, 1582894118
22922, SELECT 123
22926, SELECT 389
22964, INSERT 636, 2127461219
22974, SELECT 357
22984, INSERT 327, 185661815
23008, SELECT 724
23052, INSERT 767, 207506356
23101, INSERT 766, 1517731412
23142, SELECT 485
23165, INSERT 889, 1354523193
23180, SELECT 934
23218, INSERT 745, 1146978940
23250, SELECT 179
23287, SELECT 35
23320, INSERT 226, 1404540976
23330, INSERT 403, 1484935180
23361, SELECT 587
23391, SELECT 813
23409, SELECT 780
23415, INSERT 961, 1520540213
23448, INSERT 456, 41577676
23450, SELECT 185
23467, SELECT 5
23475, INSERT 429, 2112191048
23490, SELECT 833
23491, INSERT 934, 205075642
23495, INSERT 823, 95176475
23537, INSERT 915, 771192135
23562, SELECT 968
23605, INSERT 658, 73161774
23653, SELECT 605
23689, SELECT 120
23703, SELECT 227
23704, INSERT 689, 1101121838
23719, INSERT 945, 1723042608
23757, SELECT 851
23761, INSERT 508, 1344336397
23774, INSERT 120, 1938226955
23786, INSERT 869, 73634886
23831, INSERT 363, 402131458
23859, SELECT 52
23908, SELECT 369
23949, INSERT 669, 1076408915
23971, SELECT 42
24003, INSERT 526, 598683237
24022, INSERT 868, 1730982555
24056, SELECT 720
24069, SELECT 969
24118, SELECT 60
24126, INSERT 858, 840172270
24131, INSERT 796, 1678872034
24170, SELECT 376
24171, SELECT 509
24211, INSERT 808, 1114139852
24252, SELECT 401
24286, SELECT 174
24329, SELECT 680
24360, INSERT 898, 798002004
24387, INSERT 184, 515011979
24400, INSERT 14, 127090752
24407, SELECT 432
24421, INSERT 166, 1960861774
24468, SELECT 173
24513, INSERT 698, 978146746
24515, SELECT 91
24521, SELECT 798
24567, INSERT 968, 1434377327
24612, SELECT 747
24659, INSERT 274, 161870360
24705, SELECT 770
24732, SELECT 893
24781, SELECT 83
24803, SELECT 624
24812, SELECT 344
24854, SELECT 261
24861, INSERT 13, 818098434
24884, INSERT 216, 1270677290
24893, SELECT 351
24929, INSERT 556, 1129595699
24932, SELECT 202
24959, SELECT 170
