0, SELECT 918
9, INSERT 329, 1035057968
12, INSERT 651, 1328328544
14, INSERT 790, 458630874
28, SELECT 873
52, SELECT 657
67, SELECT 319
111, INSERT 309, 694117716
119, SELECT 670
142, SELECT 592
177, SELECT 660
193, SELECT 315
216, SELECT 572
228, SELECT 95
235, INSERT 622, 1021805608
241, INSERT 589, 1313905333
244, INSERT 460, 852759027
282, INSERT 758, 1377691498
302, SELECT 931
326, SELECT 613
365, SELECT 971
395, SELECT 483
417, INSERT 546, 167878295
418, SELECT 689
465, SELECT 989
476, SELECT 336
484, INSERT 168, 1482401655
509, INSERT 619, 393612574
511, INSERT 687, 896768490
519, SELECT
535, INSERT 977, 2072898651
563, SELECT 634
589, INSERT 484, 2096626472
632, INSERT 350, 843138924
646, INSERT 526, 1737011500
667, SELECT 983
676, SELECT 40
725, INSERT 52, 1163843147
742, SELECT 739
754, SELECT 762
778, SELECT 606
779, INSERT 750, 1811326051
813, SELECT 258
844, SELECT 755
887, SELECT 984
898, SELECT 314
900, SELECT 274
904, SELECT 725
913, SELECT 858
958, SELECT 872
999, SELECT 382
1038, SELECT 528
1087, SELECT 250
1124, SELECT 843
1169, INSERT 574, 154746174
1201, INSERT 780, 163259439
1224, SELECT 855
1248, SELECT 78
1250, SELECT 690
1264, INSERT 524, 509015687
1266, INSERT 280, 1164179030
1302, SELECT 189
1313, INSERT 940, 1237410678
1324, SELECT 357
1361, INSERT 915, 220510973
1397, INSERT 45, 540880238
1431, SELECT 818
1473, SELECT 664
1513, INSERT 50, 1165387424
1523, INSERT 344, 1222752439
1558, SELECT 1
1598, INSERT 871, 273508657
1633, SELECT 7
1650, INSERT 518, 2050902646
1654, INSERT 862, 1998533524
1687, INSERT 348, 756629116
1733, INSERT 762, 1867098134
1775, SELECT 501
1821, INSERT 394, 1788740473
1842, INSERT 449, 891069330
1888, INSERT 108, 102001120
1933, SELECT 391
1974, INSERT 478, 358749382
1993, INSERT 897, 1177851883
2020, INSERT 77, 1128444849
2045, INSERT 281, 70538072
2076, INSERT 73, 2131352575
2078, SELECT 19
2107, INSERT 1, 1229159679
2110, INSERT 442, 797480816
2157, INSERT 49, 1611195926
2167, SELECT 519
2189, SELECT 134
2237, SELECT 927
2278, INSERT 415, 986311374
2302, INSERT 363, 288163249
2330, INSERT 588, 1994305207
2351, INSERT 497, 506448601
2393, SELECT 131
2440, SELECT 636
2456, SELECT 181
2476, INSERT 53, 1404316550
2503, INSERT 754, 2094008776
2547, SELECT 617
2548, SELECT 740
2568, INSERT 106, 262733660
2586, INSERT 286, 558588155
2604, SELECT 286
2616, SELECT 923
2655, INSERT 744, 360066022
2675, SELECT 339
2703, SELECT 863
2743, SELECT 36
2760, INSERT 230, 277151492
2782, INSERT 833, 707400818
2788, SELECT 753
2793, INSERT 733, 227663105
2835, SELECT 825
2844, INSERT 335, 1013039233
2884, SELECT 826
2919, INSERT 446, 842650595
2952, SELECT 147
2979, INSERT 476, 786856217
2997, INSERT 57, 1314039758
3028, SELECT 103
3067, INSERT 14, 1812406900
3074, INSERT 865, 703495458
3112, SELECT 680
3155, INSERT 619, 1475474887
3172, SELECT 157
3198, SELECT 844
3223, INSERT 477, 1622798173
3271, SELECT 162
3297, INSERT 37, 998742806
3318, SELECT 357
3322, SELECT 790
3356, SELECT 340
3395, INSERT 265, 1543267796
3422, INSERT 576, 436795960
3456, INSERT 350, 1430520849
3497, INSERT 367, 75387219
3542, INSERT 156, 907852375
3590, INSERT 278, 1596656239
3622, SELECT 912
3632, SELECT 697
3680, INSERT 960, 1267073021
3703, INSERT 620, 942852883
3746, SELECT 239
3759, SELECT 965
3772, INSERT 873, 1104819145
3804, INSERT 370, 1375866131
3809, SELECT 801
3810, SELECT
3856, INSERT 652, 1501666762
3890, INSERT 777, 1239606175
3929, SELECT 551
3936, INSERT 38, 1055470395
3939, INSERT 117, 1430525964
3981, SELECT 59
4025, SELECT 497
4071, INSERT 818, 937691050
4082, SELECT 236
4112, SELECT 815
4136, SELECT 971
4182, SELECT 263
4185, INSERT 20, 1281056716
4229, SELECT 29
4247, SELECT 920
4288, INSERT 641, 1594660673
4324, INSERT 344, 665375209
4350, SELECT 151
4368, INSERT 196, 139842401
4408, SELECT 372
4435, INSERT 444, 1943954491
4437, INSERT 551, 449578556
4470, SELECT 5
4475, SELECT 190
4482, INSERT 246, 1374280953
4491, SELECT 250
4498, SELECT 582
4538, INSERT 215, 1440351446
4561, INSERT 389, 1661281611
4602, SELECT 502
4638, INSERT 648, 1492047493
4683, SELECT 427
4699, INSERT 929, 1023961998
4721, INSERT 195, 1303475900
4737, INSERT 767, 349795362
4786, SELECT 561
4816, INSERT 550, 1419165347
4843, INSERT 354, 857498043
4874, SELECT 42
4888, INSERT 332, 539208338
4928, SELECT 794
4937, SELECT 956
4949, SELECT 641
4997, SELECT 759
5033, INSERT 83, 1511744825
5050, INSERT 887, 222297157
5082, SELECT 690
5111, INSERT 330, 573994425
5154, SELECT 168
5189, SELECT 871
5237, SELECT 757
5274, SELECT 77
5285, INSERT 315, 406702770
5333, SELECT 412
5379, INSERT 142, 1374488792
5423, SELECT 84
5446, INSERT 781, 973099310
5456, INSERT 57, 242638928
5491, INSERT 726, 1597613653
5539, INSERT 350, 2015584156
5544, SELECT 436
5586, INSERT 304, 497119830
5616, SELECT 538
5640, SELECT 431
5651, INSERT 306, 1205129643
5697, SELECT 871
5702, INSERT 493, 1613365058
5747, INSERT 438, 1706949821
5787, INSERT 539, 243969956
5791, SELECT 309
5835, SELECT 255
5841, SELECT 944
5853, INSERT 520, 1361386638
5894, SELECT
5901, SELECT 343
5933, SELECT 328
5955, SELECT 725
5969, INSERT 870, 756255365
5984, INSERT 996, 1445929801
6003, INSERT 626, 1638072016
6032, SELECT 523
6062, SELECT 970
6064, INSERT 416, 475649268
6088, SELECT 662
6105, INSERT 419, 1618358683
6138, SELECT 732
6156, SELECT 541
6197, INSERT 624, 2141592998
6211, SELECT 73
6216, INSERT 721, 1679367603
6251, INSERT 702, 148604885
6290, SELECT 701
6314, INSERT 338, 346503521
6349, SELECT 781
6359, SELECT 664
6380, INSERT 143, 1949813778
6409, INSERT 956, 1396306830
6450, SELECT 305
6475, SELECT 181
6480, INSERT 938, 1519622802
6484, SELECT 492
6523, INSERT 290, 842295432
6559, SELECT 280
6602, INSERT 361, 930113277
6619, SELECT 374
6653, INSERT 880, 2019646172
6691, INSERT 662, 148220310
6731, SELECT 879
6775, INSERT 590, 1914858263
6785, SELECT 109
6792, SELECT 832
6824, INSERT 443, 948924624
6838, SELECT 296
6878, SELECT
6920, SELECT 722
6957, SELECT 575
6997, INSERT 8, 864568408
7017, INSERT 470, 495117310
7051, SELECT 246
7058, INSERT 47, 620345832
7082, SELECT 793
7092, INSERT 393, 148618951
7108, INSERT 734, 523618596
7113, SELECT 308
7158, SELECT 535
7190, SELECT 974
7230, INSERT 163, 1359830735
7251, INSERT 885, 1196135055
7281, SELECT 156
7310, INSERT 383, 1577686438
7355, SELECT 958
7391, INSERT 148, 1624904263
7405, INSERT 339, 303244299
7415, SELECT 606
7442, INSERT 988, 1716838793
7487, SELECT 997
7515, INSERT 643, 537221425
7549, INSERT 728, 1027765043
7579, INSERT 631, 1510515857
7618, INSERT 242, 1243327848
7630, INSERT 354, 743585328
7678, SELECT 87
7688, SELECT 335
7710, SELECT 143
7725, INSERT 399, 1190833072
7754, SELECT 50
7772, SELECT 810
7816, SELECT 465
7817, INSERT 554, 1083501772
7837, INSERT 19, 1750750069
7877, SELECT 61
7908, INSERT 38, 44834453
7936, INSERT 409, 1508577552
7970, SELECT 346
7987, INSERT 997, 252517788
7998, SELECT 243
8039, INSERT 332, 66524908
8041, INSERT 738, 2136132218
8045, SELECT 26
8086, INSERT 430, 2053150411
8127, SELECT 393
8154, INSERT 782, 676481036
8175, INSERT 163, 217572139
8190, SELECT 247
8208, SELECT 477
8211, INSERT 991, 502474226
8248, INSERT 631, 213659379
8295, SELECT 337
8338, INSERT 295, 1486011881
8353, SELECT 706
8371, INSERT 618, 1760897697
8379, SELECT 169
8427, INSERT 677, 27703694
8465, SELECT 814
8491, INSERT 643, 254445159
8515, SELECT 443
8550, SELECT 261
8580, SELECT 535
8586, SELECT 43
8606, INSERT 78, 241309018
8642, INSERT 123, 949472836
8657, INSERT 578, 1976534447
8665, INSERT 168, 601408584
8674, SELECT 677
8706, INSERT 123, 709057575
8727, INSERT 563, 129756405
8755, INSERT 901, 473668426
8796, SELECT 351
8843, SELECT 18
8871, SELECT 197
8884, INSERT 115, 269615196
8921, SELECT 519
8937, INSERT 400, 459959943
8940, SELECT 290
8984, INSERT 887, 322692834
9014, INSERT 83, 632559886
9017, SELECT 638
9027, INSERT 117, 1528178539
9029, SELECT 102
9045, INSERT 313, 1910440773
9084, INSERT 908, 852651791
9107, INSERT 302, 422875538
9148, INSERT 120, 1066646244
9151, INSERT 600, 1909192545
9162, SELECT 930
9179, SELECT 103
9195, SELECT 123
9228, SELECT 459
9265, SELECT 215
9288, SELECT 843
9314, INSERT 809, 192564960
9319, SELECT 23
9335, INSERT 879, 1063789165
9354, INSERT 560, 104248428
9357, SELECT 761
9359, INSERT 532, 489984385
9366, SELECT 45
9397, INSERT 439, 1152468604
9445, INSERT 416, 410597534
9490, INSERT 14, 1506067591
9492, INSERT 799, 1010960590
9528, INSERT 91, 788901936
9550, INSERT 157, 1381373735
9580, INSERT 822, 719932243
9610, SELECT 427
9653, SELECT 939
9690, INSERT 518, 303005797
9738, INSERT 130, 1767059719
9777, INSERT 740, 1836981152
9796, INSERT 506, 1399059602
9824, INSERT 607, 646330768
9836, SELECT 895
9856, INSERT 584, 723690245
9870, SELECT 399
9908, SELECT 379
9956, SELECT 69
9966, INSERT 852, 511416221
9983, SELECT 544
9987, INSERT 858, 1061974154
9988, INSERT 711, 2056262156
10009, SELECT 884
10048, SELECT 204
10075, INSERT 86, 1116530941
10092, INSERT 690, 1326748229
10140, SELECT 892
10187, SELECT 437
10194, INSERT 262, 2080008430
10230, INSERT 384, 1443703211
10238, SELECT 337
10249, SELECT 401
10288, SELECT 999
10332, INSERT 200, 2033648373
10363, INSERT 516, 1022290819
10412, SELECT
10448, INSERT 299, 1630106057
10485, SELECT 475
10496, SELECT 371
10525, INSERT 352, 867276999
10548, INSERT 703, 225468312
10563, SELECT 556
10597, SELECT 351
10621, SELECT 681
10638, SELECT 269
10683, SELECT 871
10694, INSERT 478, 90070677
10717, INSERT 614, 1677273657
10730, SELECT 222
10745, SELECT 735
10771, SELECT 903
10782, INSERT 988, 852628871
10785, SELECT 839
10831, INSERT 489, 1512017940
10866, SELECT 124
10892, SELECT 626
10904, SELECT 650
10942, SELECT 615
10944, INSERT 755, 367896248
10978, SELECT 982
10988, INSERT 993, 1574038528
10990, SELECT 180
11008, INSERT 510, 974845429
11049, SELECT 0
11081, INSERT 678, 1462553843
11088, INSERT 635, 779442528
11105, INSERT 809, 944817019
11122, INSERT 15, 159560859
11131, SELECT 435
11157, INSERT 605, 967419714
11191, SELECT 410
11200, SELECT 437
11214, SELECT 245
11261, SELECT 845
11283, SELECT 593
11331, INSERT 852, 62613294
11348, INSERT 276, 1945365181
11380, SELECT 293
11422, INSERT 992, 498462485
11424, INSERT 188, 852531039
11455, INSERT 164, 1230716016
11495, SELECT 202
11499, INSERT 989, 1910537122
11547, INSERT 485, 606335467
11550, INSERT 75, 1585091922
11583, SELECT 491
11597, INSERT 408, 1570344378
11646, SELECT 221
11668, SELECT 592
11680, INSERT 230, 1214154627
11696, INSERT 837, 1197267412
11735, SELECT 825
11772, SELECT 762
11780, INSERT 732, 1588236862
11809, SELECT 572
11827, INSERT 220, 981213853
11841, SELECT 965
11844, SELECT 775
11847, SELECT 590
11850, INSERT 696, 1468581867
11894, SELECT 271
11916, INSERT 72, 2130407197
11929, INSERT 4, 1221767344
11978, SELECT 937
12020, INSERT 272, 58647290
12028, INSERT 776, 1823555317
12061, INSERT 719, 1371315155
12063, INSERT 685, 774187000
12111, SELECT 778
12131, SELECT 238
12166, INSERT 699, 1772208603
12210, INSERT 794, 827684316
12226, INSERT 736, 1446268300
12273, SELECT 530
12313, INSERT 601, 67891490
12330, INSERT 958, 263468213
12357, SELECT 366
12406, INSERT 542, 1941196051
12424, INSERT 331, 1476869528
12457, SELECT 198
12487, INSERT 332, 1190673398
12507, INSERT 405, 660522243
12511, INSERT 972, 548495134
12529, SELECT 261
12554, SELECT 245
12598, INSERT 405, 1890409613
12644, SELECT 920
12661, SELECT 854
12670, INSERT 423, 2133161977
12675, INSERT 717, 1128078244
12687, INSERT 292, 1789236145
12710, INSERT 556, 786698329
12717, INSERT 190, 190046930
12750, SELECT 180
12796, INSERT 617, 1229616049
12831, INSERT 970, 474687701
12845, INSERT 75, 2026773519
12873, SELECT 92
12916, SELECT
12946, INSERT 571, 916204628
12978, INSERT 949, 1712522211
12992, SELECT 190
13015, INSERT 243, 138114229
13047, SELECT 828
13084, INSERT 71, 1182344728
13101, INSERT 612, 1714762997
13112, SELECT 228
13157, SELECT 44
13175, INSERT 968, 635688137
13212, SELECT 558
13237, SELECT 858
13253, SELECT 306
13289, SELECT 280
13293, INSERT 90, 941063274
13326, INSERT 591, 764936391
13354, SELECT 756
13372, INSERT 707, 1339787799
13413, SELECT 66
13443, SELECT 408
13473, SELECT 352
13493, SELECT 968
13516, INSERT 980, 720969422
13562, SELECT 595
13567, INSERT 994, 2059450528
13599, SELECT 126
13607, SELECT 867
13649, INSERT 669, 1185518113
13697, SELECT 910
13731, INSERT 956, 1659179450
13733, INSERT 300, 1967836206
13744, INSERT 689, 616735846
13755, INSERT 970, 563937626
13781, INSERT 769, 1597908038
13794, INSERT 207, 1101571538
13809, SELECT 268
13847, INSERT 358, 541860416
13881, SELECT 857
13901, INSERT 924, 683776227
13929, SELECT 774
13939, INSERT 650, 783095377
13950, INSERT 34, 1916351813
13995, INSERT 654, 709160340
13997, INSERT 470, 834995605
14007, INSERT 142, 1696126156
14008, INSERT 595, 1061711024
14036, INSERT 871, 633951312
14044, INSERT 189, 1445607369
14066, INSERT 315, 216009147
14115, SELECT 366
14135, INSERT 339, 1282421435
14139, SELECT 947
14176, SELECT 522
14198, INSERT 761, 1633560336
14228, INSERT 796, 218423884
14255, SELECT 461
14300, SELECT 598
14307, INSERT 393, 967905131
14355, SELECT 547
14360, SELECT 980
14375, SELECT 625
14392, SELECT 320
14425, SELECT 838
14472, SELECT 654
14508, SELECT 85
14543, INSERT 819, 821317619
14550, SELECT 664
14586, INSERT 663, 1305888267
14622, SELECT 612
14632, INSERT 125, 512036052
14669, SELECT 573
14712, SELECT 26
14759, SELECT 218
14775, INSERT 283, 129908656
14781, INSERT 483, 1442209624
14787, SELECT 457
14831, SELECT 140
14838, INSERT 458, 1347874956
14875, INSERT 336, 269154625
14890, INSERT 507, 1260257488
14899, SELECT 980
14919, INSERT 301, 831065290
14946, SELECT 35
14977, INSERT 116, 387220054
15025, INSERT 682, 2124497961
15047, INSERT 888, 1557945927
15061, INSERT 465, 1831025165
15062, INSERT 760, 1841887266
15095, SELECT 604
15137, SELECT 446
15166, SELECT 384
15201, INSERT 4, 642812536
15218, INSERT 151, 1783892928
15246, SELECT 815
15277, SELECT 215
15325, INSERT 381, 801921726
15374, SELECT 726
15421, SELECT 356
15442, INSERT 405, 1551321432
15479, SELECT
15522, INSERT 166, 1106065524
15564, INSERT 929, 630591434
15571, SELECT 976
15613, SELECT 467
15620, INSERT 234, 840236349
15623, INSERT 277, 745696026
15664, SELECT 417
15681, INSERT 419, 150156490
15688, SELECT 35
15728, SELECT 366
15732, INSERT 246, 2087473258
15746, SELECT 435
15775, SELECT 381
15801, INSERT 955, 1762687681
15846, SELECT 25
15857, SELECT 23
15874, SELECT 872
15879, SELECT 200
15919, SELECT 702
15958, INSERT 80, 625270213
15975, INSERT 844, 1204719305
16017, INSERT 558, 24405834
16019, INSERT 131, 2132143472
16032, SELECT 551
16052, INSERT 636, 1396609332
16086, SELECT 767
16092, INSERT 573, 1380444083
16131, INSERT 26, 1283943084
16168, INSERT 682, 1826197489
16201, INSERT 180, 638999928
16204, SELECT 70
16237, SELECT 300
16272, SELECT 571
16305, INSERT 607, 1577644450
16306, INSERT 449, 1661056428
16329, SELECT 770
16378, SELECT 847
16419, INSERT 883, 2121462716
16422, INSERT 593, 1811354975
16460, INSERT 94, 963726973
16466, INSERT 930, 20072710
16513, INSERT 928, 660731671
16552, SELECT 591
16599, INSERT 832, 302245292
16630, INSERT 82, 299604192
16651, INSERT 474, 872754554
16695, INSERT 529, 708435193
16737, SELECT 731
16786, INSERT 659, 411685436
16835, INSERT 827, 1145756479
16865, SELECT 878
16888, INSERT 33, 1364446268
16913, INSERT 229, 1467085422
16923, SELECT 6
16963, SELECT 620
17009, SELECT 25
17057, INSERT 609, 2049475629
17094, SELECT 397
17107, SELECT 461
17110, SELECT 600
17125, SELECT 384
17152, INSERT 534, 58222655
17200, SELECT 461
17205, INSERT 608, 12475571
17229, INSERT 904, 765787852
17263, INSERT 888, 1857409260
17278, SELECT 647
17299, SELECT 201
17328, SELECT 31
17366, INSERT 491, 1464910280
17395, SELECT 94
17408, SELECT 42
17455, SELECT 17
17489, SELECT 210
17490, SELECT 703
17533, SELECT 381
17568, INSERT 877, 1251456977
17611, SELECT 390
17638, INSERT 782, 216924449
17643, SELECT 603
17670, INSERT 706, 1914535599
17700, SELECT 999
17730, INSERT 25, 1753335396
17779, SELECT 686
17827, SELECT 56
17868, SELECT 364
17883, SELECT 468
17923, SELECT 211
17940, INSERT 170, 1001558459
17949, SELECT 756
17983, SELECT 755
18011, INSERT 391, 1617220412
18031, INSERT 125, 1012659814
18051, SELECT 817
18063, INSERT 593, 2145209819
18086, INSERT 197, 1683863758
18135, SELECT 514
18166, INSERT 505, 558538798
18207, SELECT 938
18243, INSERT 813, 1898963440
18253, SELECT 706
18287, SELECT 780
18322, INSERT 241, 1803087180
18328, SELECT 640
18362, INSERT 761, 1584114010
18409, SELECT 39
18438, SELECT 754
18448, SELECT 813
18474, SELECT 739
18522, INSERT 93, 728572917
18571, SELECT 265
18577, SELECT 36
18595, SELECT 533
18627, INSERT 945, 700295726
18656, INSERT 115, 1770899382
18657, INSERT 594, 1824434197
18671, INSERT 310, 887122684
18720, SELECT 189
18726, INSERT 740, 526504976
18729, SELECT 925
18765, SELECT 451
18794, SELECT 453
18832, INSERT 151, 2018096648
18851, INSERT 330, 2009800610
18856, SELECT 687
18874, SELECT 793
18878, INSERT 429, 488336843
18895, SELECT 718
18901, INSERT 97, 855812528
18934, INSERT 258, 1535968751
18947, SELECT 523
18967, SELECT 835
18972, SELECT 92
19015, INSERT 570, 5534832
19043, SELECT 522
19049, SELECT 64
19059, INSERT 832, 397530294
19068, SELECT 957
19103, INSERT 423, 1067630369
19107, SELECT 335
19120, SELECT 530
19148, INSERT 847, 1872479357
19179, INSERT 832, 91051787
19217, SELECT 328
19254, SELECT 969
19298, SELECT 159
19324, INSERT 383, 1260968321
19364, INSERT 926, 98214071
19375, INSERT 269, 1135204661
19415, SELECT 29
19444, SELECT 77
19449, INSERT 201, 2088758976
19483, INSERT 757, 1053878542
19493, INSERT 437, 1341638510
19539, SELECT
19557, SELECT 59
19584, INSERT 786, 1763335059
19619, INSERT 64, 1133651874
19627, INSERT 289, 824739289
19673, INSERT 585, 126546252
19687, SELECT 896
19723, INSERT 436, 1813918236
19763, SELECT 598
19804, SELECT 239
19820, SELECT
19865, INSERT 417, 1068207375
19890, SELECT 605
19911, SELECT 500
19939, INSERT 918, 1551589284
19958, INSERT 363, 735166094
19970, SELECT 21
19975, SELECT 704
20004, SELECT 58
20006, INSERT 675, 1600543609
20049, INSERT 905, 579994198
20057, SELECT 933
20095, INSERT 83, 544932587
20140, SELECT 860
20188, SELECT 178
20207, INSERT 406, 1468544781
20215, SELECT 483
20258, SELECT 514
20291, INSERT 854, 1914391805
20315, INSERT 192, 1120337786
20350, INSERT 259, 2100856913
20387, INSERT 799, 1536182218
20396, INSERT 97, 1026582535
20409, INSERT 373, 1013374237
20414, INSERT 109, 617846818
20448, SELECT 782
20480, SELECT 732
20481, SELECT 867
20499, INSERT 467, 780550599
20506, INSERT 945, 2036026106
20510, INSERT 313, 1439796612
20554, SELECT 170
20594, INSERT 809, 542998467
20643, SELECT 173
20689, INSERT 330, 363008918
20720, INSERT 713, 640128956
20760, INSERT 111, 2137634586
20762, INSERT 335, 1404400547
20776, INSERT 224, 771495798
20787, INSERT 901, 1420896132
20803, INSERT 933, 1329935193
20807, INSERT 883, 991855709
20828, INSERT 427, 1415221665
20833, SELECT 996
20863, INSERT 866, 1398928236
20906, INSERT 140, 1694830524
20909, INSERT 977, 1766179720
20943, INSERT 949, 1145053829
20972, SELECT 213
20979, INSERT 235, 1440508511
20996, SELECT 736
21025, SELECT 499
21067, INSERT 754, 447854691
21094, INSERT 787, 119240171
21108, INSERT 572, 1947644558
21116, INSERT 781, 2006230742
21133, SELECT 429
21179, INSERT 863, 1097083950
21218, INSERT 304, 482622176
21252, INSERT 207, 794724222
21282, INSERT 981, 970827432
21318, SELECT 325
21362, SELECT 989
21388, INSERT 514, 612811529
21431, SELECT 687
21461, INSERT 577, 1573658218
21479, INSERT 428, 730969014
21526, SELECT 870
21572, INSERT 307, 1456491668
21576, INSERT 203, 1296277284
21620, SELECT 123
21629, SELECT 450
21663, INSERT 356, 90350031
21664, SELECT 472
21709, INSERT 87, 1046070948
21725, SELECT 319
21746, INSERT 52, 685635519
21748, SELECT 538
21770, SELECT 834
21799, INSERT 564, 1054865939
21812, SELECT 925
21823, INSERT 859, 895925331
21844, SELECT 830
21856, SELECT 240
21875, INSERT 696, 215070470
21916, SELECT 844
21956, SELECT 222
21992, SELECT 447
22026, SELECT 333
22075, INSERT 113, 208001201
22086, SELECT 186
22089, INSERT 295, 1550220505
22114, SELECT 349
22152, INSERT 670, 1254674108
22179, SELECT 386
22215, SELECT 483
22262, INSERT 145, 1388435041
22286, SELECT 923
22292, SELECT 185
22331, INSERT 785, 940452462
22357, SELECT 180
22381, SELECT 221
22427, SELECT 182
22444, SELECT 571
22491, INSERT 246, 1564890769
22503, SELECT 538
22518, SELECT 157
22547, INSERT 807, 658322896
22549, SELECT 843
22594, SELECT 394
22626, SELECT 834
22635, INSERT 580, 833750175
22647, INSERT 237, 785889197
22696, INSERT 207, 1876687705
22728, INSERT 874, 2045358705
22744, SELECT 441
22786, INSERT 153, 1436158583
22829, SELECT 441
22850, SELECT 305
22896, INSERT 364, 526983576
22943, SELECT 253
22956, INSERT 310, 2088531167
22979, SELECT 726
23010, INSERT 84, 232276734
23024, INSERT 994, 1494645589
23069, SELECT 701
23102, SELECT 143
23150, SELECT 240
23191, SELECT
23214, SELECT 195
23234, INSERT 180, 434875689
23277, INSERT 932, 1736952653
23295, SELECT 29
23327, INSERT 668, 725577506
23329, INSERT 227, 1271694088
23352, INSERT 167, 8562637
23380, INSERT 959, 1943737449
23381, INSERT 620, 1083755426
23425, INSERT 596, 1135933364
23461, SELECT 374
23497, SELECT 376
23546, SELECT 831
23554, INSERT 960, 307665018
23573, SELECT 910
23574, INSERT 638, 1777990605
23592, INSERT 805, 689583647
23600, INSERT 149, 1214642683
23640, INSERT 610, 708718755
23673, SELECT 461
23718, SELECT
23752, SELECT 752
23787, INSERT 477, 275274451
23791, INSERT 685, 1135864941
23818, INSERT 824, 17111905
23853, INSERT 266, 492364810
23879, SELECT 18
23880, SELECT 475
23906, SELECT 9
23917, INSERT 945, 170210887
23929, INSERT 93, 508279792
23962, INSERT 71, 487726242
23969, SELECT 258
24011, SELECT 279
24043, SELECT 969
24044, INSERT 740, 68183628
24067, INSERT 603, 296769631
24070, SELECT 389
24077, SELECT 426
24082, INSERT 559, 356010763
24114, SELECT 401
24145, INSERT 632, 1460863988
24184, INSERT 375, 1391705581
24217, SELECT 128
24244, INSERT 783, 1435162116
24281, SELECT 451
24296, SELECT 97
24300, SELECT 604
24301, INSERT 318, 1106039955
24312, INSERT 412, 174508216
24331, SELECT 51
24346, SELECT 149
24380, SELECT 26
24393, SELECT 718
24410, INSERT 109, 2036099349
24422, SELECT 41
24462, SELECT 321
24495, SELECT 195
24527, SELECT 819
24556, INSERT 150, 1331501995
24603, SELECT 433
24645, INSERT 357, 238753537
24690, SELECT 778
24702, INSERT 841, 1791742198
24718, INSERT 238, 1137964403
24720, INSERT 492, 298115946
24756, SELECT 544
24786, SELECT 210
24801, INSERT 7, 552860500
24808, INSERT 197, 1392685704
24829, SELECT 57
24847, INSERT 966, 398722374
24890, INSERT 502, 541034449
24934, SELECT 532
24959, INSERT 702, 315134658
24998, SELECT 311
25021, SELECT 738
25044, SELECT 145
25051, SELECT 490
25052, INSERT 776, 1288434338
25088, INSERT 684, 273761477
25093, SELECT 669
25137, INSERT 767, 1822739193
25161, INSERT 861, 1288058709
25162, INSERT 603, 834924085
25194, INSERT 728, 594000418
25231, INSERT 129, 627125622
25256, INSERT 530, 119899678
25281, INSERT 416, 1279114771
25288, INSERT 211, 1203141915
25320, SELECT 981
25361, SELECT 71
25397, SELECT 905
25438, INSERT 957, 1077630620
25461, INSERT 374, 1598348474
25499, INSERT 165, 1700060110
25546, SELECT 366
