0, SELECT 326
1, INSERT 122, 2130173656
28, SELECT 264
70, SELECT 21
103, SELECT 299
138, SELECT
169, SELECT 288
216, SELECT 234
263, INSERT 342, 11524364
270, SELECT 289
279, SELECT 154
281, SELECT 196
299, SELECT 413
301, SELECT 56
333, SELECT 50
382, SELECT 202
425, SELECT 245
434, SELECT 189
443, INSERT 206, 145954515
466, INSERT 484, 1419570210
511, SELECT 47
558, SELECT 139
602, SELECT 300
612, INSERT 298, 1216346326
624, SELECT 259
657, INSERT 114, 1665073895
662, INSERT 328, 1890026611
675, INSERT 330, 501285228
703, SELECT 176
722, INSERT 228, 2144665280
726, INSERT 298, 1272095412
737, INSERT 88, 1649009433
765, SELECT 297
813, INSERT 498, 1589733987
833, INSERT 5, 1477980852
843, SELECT
884, SELECT 21
904, INSERT 122, 385646423
906, INSERT 226, 944935457
938, SELECT 280
984, INSERT 444, 692107444
1005, INSERT 32, 584909586
1011, SELECT 475
1057, INSERT 384, 1709913248
1083, INSERT 388, 1461444605
1088, INSERT 388, 1216560083
1104, SELECT 98
1129, INSERT 177, 379192597
1167, SELECT 302
1183, INSERT 298, 1247734139
1225, SELECT 298
1262, INSERT 122, 1785054714
1293, SELECT 318
1332, SELECT 399
1347, INSERT 4, 1611133883
1368, SELECT 51
1390, INSERT 92, 89570869
1396, INSERT 241, 632823911
1416, INSERT 416, 504173073
1426, INSERT 412, 39832919
1447, SELECT 425
1452, SELECT 405
1473, INSERT 149, 2126580641
1484, SELECT 489
1489, SELECT 228
1495, INSERT 363, 1004040789
1504, SELECT 294
1510, INSERT 304, 272849807
1535, SELECT 223
1550, SELECT
1586, SELECT 311
1626, SELECT 36
1654, INSERT 427, 311976748
1672, INSERT 183, 1954638041
1683, INSERT 49, 1456642983
1707, INSERT 400, 1477984272
1716, SELECT 246
1728, SELECT 338
1737, SELECT 282
1773, SELECT 302
1807, SELECT 273
1821, INSERT 123, 210147109
1828, INSERT 55, 414848876
1838, INSERT 266, 516575709
1843, SELECT 64
1877, INSERT 421, 88858657
1894, INSERT 484, 1159564162
1924, SELECT 317
1941, INSERT 498, 1995069634
1982, INSERT 210, 191007531
2004, INSERT 181, 321702592
2024, SELECT 471
2039, INSERT 236, 96696121
2046, SELECT 340
2081, SELECT 45
2088, SELECT 163
2133, INSERT 427, 1521712018
2145, SELECT 418
2159, INSERT 347, 1323775936
2191, SELECT 409
2226, INSERT 125, 921573836
2243, INSERT 247, 1187005404
2272, INSERT 112, 412389565
2275, INSERT 482, 1561304212
2304, INSERT 123, 2001008538
2337, SELECT 343
2375, SELECT 394
2380, INSERT 21, 24879162
2429, INSERT 193, 213247123
2452, INSERT 498, 1654907119
2501, INSERT 63, 1973595926
2520, INSERT 397, 2009704314
2539, SELECT 300
2561, SELECT 468
2577, SELECT 346
2595, SELECT 142
2609, INSERT 99, 1388713705
2656, SELECT 262
2658, INSERT 475, 767417203
2690, SELECT 265
2732, SELECT 60
2746, INSERT 282, 626623871
2758, INSERT 390, 1915852143
2778, INSERT 208, 592287055
2820, SELECT 82
2822, INSERT 495, 1121188992
2857, SELECT 484
2894, SELECT 265
2907, INSERT 426, 1098778029
2922, INSERT 9, 1783041337
2954, SELECT 247
2959, INSERT 68, 1585683849
2962, SELECT 398
2969, INSERT 249, 1487490673
3011, SELECT 380
3055, SELECT 217
3063, INSERT 317, 536567847
3086, SELECT 249
3127, SELECT 62
3164, INSERT 218, 687376051
3183, SELECT 38
3197, SELECT 56
3229, INSERT 330, 909666100
3274, INSERT 473, 111644861
3292, SELECT 417
3329, SELECT 77
3364, INSERT 486, 703185374
3395, INSERT 477, 758991324
3417, INSERT 195, 135806197
3451, INSERT 75, 1388611130
3494, SELECT 144
3506, SELECT 282
3549, INSERT 379, 1639375597
3557, SELECT 241
3584, SELECT 132
3610, INSERT 244, 568153859
3621, INSERT 490, 1748755354
3664, SELECT 451
3705, SELECT 110
3719, SELECT 76
3741, INSERT 229, 345238398
3772, INSERT 100, 1800687615
3798, SELECT 464
3803, SELECT 400
3805, INSERT 42, 2010200084
3833, SELECT 492
3838, SELECT 226
3869, INSERT 103, 1146196686
3911, INSERT 412, 258710432
3941, INSERT 323, 31159096
3947, INSERT 144, 2055123685
3965, INSERT 406, 2008066568
3994, INSERT 94, 1999967972
4039, SELECT 336
4074, INSERT 31, 1634978658
4087, SELECT 85
4122, SELECT 434
4126, SELECT 353
4161, INSERT 414, 911040660
4185, SELECT 330
4188, INSERT 436, 987125926
4197, INSERT 309, 1867401137
4229, INSERT 204, 278323138
4242, SELECT 179
4288, INSERT 126, 762052951
4306, SELECT 292
4354, INSERT 116, 1812900446
4362, INSERT 97, 2082965424
4404, INSERT 358, 526401071
4447, SELECT
4469, INSERT 107, 504875888
4514, SELECT 220
4554, INSERT 235, 1049205885
4572, INSERT 139, 664151273
4577, INSERT 143, 1045453723
4611, INSERT 387, 1555604271
4635, SELECT 145
4678, INSERT 259, 1037018765
4688, INSERT 412, 2098734772
4695, SELECT 498
4740, INSERT 210, 1155861646
4774, SELECT 241
4802, INSERT 309, 241475058
4831, INSERT 158, 831476242
4861, INSERT 381, 2040904603
4869, SELECT 322
4908, SELECT 122
4941, INSERT 86, 840779093
4950, INSERT 291, 1384428411
4981, INSERT 25, 1714287529
4988, SELECT 386
5015, INSERT 447, 1990937312
5055, INSERT 187, 1386240471
5102, INSERT 424, 269782742
5125, SELECT 342
5144, SELECT 128
5190, INSERT 471, 640816985
5224, SELECT 182
5246, SELECT 95
5249, SELECT 190
5254, INSERT 223, 482032056
5300, SELECT 78
5322, INSERT 90, 1810084560
5346, INSERT 212, 1150738394
5353, INSERT 426, 694056635
5376, SELECT 62
5409, INSERT 102, 2104955514
5419, SELECT 329
5453, INSERT 295, 2146391227
5460, SELECT 195
5499, SELECT 110
5524, SELECT 37
5551, INSERT 26, 1231846111
5598, SELECT 248
5605, INSERT 276, 1968230989
5621, INSERT 484, 1676180299
5640, SELECT 57
5678, INSERT 196, 1161819313
5685, INSERT 271, 1451871056
5722, INSERT 317, 1603192740
5729, INSERT 220, 1928302305
5759, SELECT 455
5782, INSERT 437, 1763442441
5785, INSERT 34, 674396094
5826, INSERT 420, 2080280482
5864, SELECT 56
5908, SELECT 245
5920, INSERT 379, 204883252
5954, SELECT 96
5956, INSERT 87, 1876221772
5996, INSERT 331, 1458201888
6023, SELECT 363
6043, INSERT 428, 1416574454
6053, SELECT 183
6094, INSERT 0, 198372677
6098, INSERT 341, 454481591
6115, SELECT 117
6146, SELECT 373
6191, SELECT 257
6196, SELECT 161
6197, SELECT 499
6216, INSERT 454, 44574724
6257, INSERT 182, 1501060461
6261, INSERT 400, 1290379953
6289, INSERT 172, 1655044505
6311, INSERT 49, 1104640828
6358, INSERT 378, 470534266
6384, INSERT 133, 438774082
6422, SELECT 184
6428, SELECT 117
6471, INSERT 205, 454047175
6497, SELECT 410
6506, SELECT 325
6520, SELECT 374
6550, SELECT 137
6567, SELECT 179
6575, INSERT 467, 837901290
6576, INSERT 242, 1890863642
6607, INSERT 449, 695772184
6649, SELECT
6667, INSERT 468, 110061191
6715, SELECT 462
6763, SELECT 381
6790, SELECT 445
6799, SELECT 30
6817, SELECT 407
6854, INSERT 35, 58135027
6863, SELECT 447
6899, SELECT 422
6919, SELECT 421
6946, INSERT 482, 1282751846
6980, SELECT 127
6984, INSERT 358, 1540901225
7024, SELECT 348
7031, INSERT 157, 1922540969
7053, SELECT 38
7065, INSERT 22, 2036235260
7110, SELECT 272
7113, INSERT 262, 247785923
7147, SELECT 34
7153, SELECT 475
7162, SELECT 446
7208, INSERT 351, 612565816
7224, SELECT 472
7248, SELECT 121
7279, INSERT 168, 774372535
7315, INSERT 328, 1273846746
7330, SELECT
7353, SELECT 391
7384, SELECT 450
7403, INSERT 75, 37814386
7448, INSERT 99, 474015926
7469, SELECT 318
7509, INSERT 448, 958524671
7515, INSERT 298, 466422301
7516, INSERT 250, 1270259879
7536, INSERT 127, 652161878
7540, SELECT 156
7573, SELECT 452
7597, SELECT 177
7624, SELECT 391
7660, SELECT 61
7665, SELECT 75
7667, SELECT 99
7709, SELECT 453
7746, SELECT 271
7749, INSERT 481, 1746954964
7766, SELECT 58
7769, INSERT 341, 113965993
7816, SELECT 247
7855, INSERT 109, 603803226
7865, SELECT 41
7870, SELECT 456
7888, SELECT 318
7928, SELECT 227
7974, INSERT 388, 200560911
8015, SELECT 396
8060, SELECT 59
8094, INSERT 56, 1334140315
8128, SELECT 212
8177, SELECT 283
8223, INSERT 376, 1132042988
8255, INSERT 121, 510841370
8303, INSERT 279, 858413776
8321, INSERT 228, 1354455639
8347, INSERT 89, 534664024
8373, SELECT 117
8394, SELECT 474
8412, INSERT 233, 119742085
8445, INSERT 83, 1636324982
8485, SELECT 429
8515, INSERT 70, 591663994
8543, SELECT 276
8563, SELECT 251
8598, INSERT 23, 2102925413
8640, SELECT 328
8645, INSERT 443, 1423758359
8692, SELECT 72
8739, SELECT 472
8756, INSERT 324, 1072893781
8796, SELECT 348
8831, INSERT 273, 1349095195
8852, SELECT 99
8860, INSERT 461, 623247617
8883, INSERT 387, 658145030
8890, INSERT 164, 147002045
8939, INSERT 297, 1519666061
8984, SELECT 191
9025, SELECT 446
9067, INSERT 471, 1455573594
9104, INSERT 126, 2107080412
9112, SELECT 384
9150, SELECT 417
9177, INSERT 183, 702268729
9208, SELECT 295
9248, SELECT 223
9287, SELECT 307
9288, INSERT 219, 80059973
9316, INSERT 280, 1876888067
9327, INSERT 459, 982434663
9334, SELECT 182
9358, INSERT 419, 1032429575
9367, SELECT 128
9402, INSERT 432, 1948335721
9428, SELECT 88
9436, INSERT 377, 1594613078
9441, INSERT 141, 962705145
9480, INSERT 51, 580090806
9514, INSERT 226, 2117634466
9559, INSERT 485, 983447284
9566, SELECT 83
9604, INSERT 165, 431655646
9616, SELECT 208
9624, SELECT 385
9628, INSERT 134, 52724469
9631, INSERT 349, 1479535864
9668, INSERT 289, 971226438
9713, SELECT
9722, SELECT 22
9735, SELECT 493
9780, INSERT 40, 466505998
9787, INSERT 342, 234993356
9833, SELECT 457
9868, INSERT 473, 868530583
9905, INSERT 372, 908531378
9942, SELECT 151
9960, SELECT 291
9982, SELECT 417
10006, INSERT 178, 1942446775
10054, INSERT 284, 1161994673
10057, SELECT 251
10068, SELECT 34
10112, INSERT 150, 127694945
10122, INSERT 117, 668319378
10134, SELECT 240
10182, INSERT 338, 504051615
10227, SELECT 253
10264, INSERT 216, 1225095921
10295, INSERT 182, 1839501214
10342, INSERT 42, 830398605
10360, INSERT 347, 229270502
10380, SELECT 160
10428, INSERT 331, 413438612
10444, INSERT 286, 2053151305
10455, INSERT 301, 791887556
10482, SELECT 422
10526, SELECT 494
10566, INSERT 177, 1862257958
10600, INSERT 60, 1843354502
10621, SELECT 455
10632, INSERT 268, 1490092682
10651, INSERT 131, 1162382892
10682, INSERT 319, 1168293567
10720, SELECT 286
10759, SELECT 333
10787, SELECT 295
10821, SELECT 414
10869, SELECT 322
10898, SELECT 214
10911, SELECT 326
10934, SELECT 195
10971, SELECT 488
11002, SELECT 279
11020, INSERT 175, 1182769013
11049, SELECT
11078, SELECT 287
11123, SELECT 484
11127, SELECT 162
11134, INSERT 281, 429174327
11167, INSERT 64, 1830486151
11211, SELECT 100
11232, SELECT 144
11252, INSERT 306, 1810811525
11267, SELECT 455
11269, INSERT 221, 1141922424
11306, SELECT
11327, INSERT 111, 2012716899
11336, SELECT 340
11349, INSERT 46, 271037731
11393, INSERT 117, 335797696
11407, SELECT 282
11444, SELECT 10
11469, SELECT 83
11487, SELECT 53
11489, SELECT 496
11499, SELECT 247
11521, SELECT 193
11532, SELECT 345
11572, INSERT 81, 1419916255
11574, INSERT 138, 1039164198
11605, INSERT 213, 1429553050
11613, SELECT 201
11656, SELECT 100
11662, INSERT 480, 1251280737
11665, INSERT 64, 171427532
11694, INSERT 404, 6537408
11720, SELECT 99
11754, SELECT 379
11775, SELECT 497
11789, INSERT 175, 1356988562
11806, SELECT 113
11827, SELECT 278
11837, SELECT 415
11845, INSERT 450, 940957536
11865, INSERT 76, 394512908
11887, INSERT 356, 1978507519
11933, INSERT 396, 1088929286
11976, SELECT 450
12019, INSERT 372, 1346608887
12052, SELECT 359
12072, SELECT
12078, INSERT 117, 1311065270
12089, SELECT 300
12131, SELECT 98
12142, INSERT 303, 662017442
12147, INSERT 31, 1460723198
12159, INSERT 352, 2088343682
12191, INSERT 137, 1667198430
12231, SELECT 397
12262, INSERT 301, 1272055700
