0, INSERT 1446, 1767357348
24, INSERT 1332, 518095893
72, SELECT 960
98, INSERT 395, 543931826
115, SELECT 1153
146, SELECT 1820
177, INSERT 515, 1744770387
216, INSERT 1946, 421797985
229, INSERT 1567, 687470392
256, INSERT 1963, 270314047
269, SELECT 1047
303, SELECT 1461
345, SELECT 1787
352, INSERT 1572, 993683627
367, SELECT 1981
376, SELECT 1455
418, SELECT 145
442, SELECT 360
478, INSERT 633, 1465484820
481, INSERT 458, 1803359892
504, SELECT 514
535, INSERT 119, 1925627094
568, INSERT 41, 1551513020
616, SELECT 812
641, INSERT 1357, 216587892
669, SELECT 1918
709, INSERT 332, 1403621057
711, INSERT 830, 238389001
740, INSERT 1072, 1401159412
784, INSERT 201, 1644709787
810, INSERT 807, 360534701
852, SELECT 1473
879, SELECT 18
904, INSERT 559, 1071864611
918, INSERT 884, 393171697
963, INSERT 1713, 1213529573
1008, SELECT 1220
1031, INSERT 1056, 649648982
1077, SELECT 459
1105, INSERT 205, 1760240934
1117, INSERT 234, 278089938
1162, INSERT 1202, 977612544
1166, INSERT 735, 1850454181
1203, SELECT 228
1227, SELECT 1893
1269, SELECT 484
1288, SELECT 1194
1315, INSERT 1895, 452744426
1360, SELECT 967
1375, SELECT 998
1391, SELECT 835
1437, SELECT 39
1440, INSERT 1512, 1530779770
1480, INSERT 1926, 1344697542
1488, SELECT 66
1505, INSERT 1814, 56645431
1510, INSERT 1895, 277163837
1558, INSERT 1650, 1602365356
1568, SELECT 345
1572, SELECT 1430
1589, INSERT 1074, 176478872
1604, INSERT 798, 1627832820
1637, INSERT 672, 889531174
1686, SELECT 608
1725, SELECT 1539
1761, INSERT 109, 1483312537
1793, INSERT 1043, 104671575
1819, SELECT 567
1847, INSERT 1401, 604408444
1870, SELECT 1709
1908, INSERT 939, 1369327223
1910, INSERT 1532, 1237951291
1940, INSERT 793, 1209765203
1967, SELECT 1821
2016, SELECT 568
2051, INSERT 481, 1866802006
2089, INSERT 1710, 2035673751
2134, SELECT 1902
2172, INSERT 24, 1135471710
2219, INSERT 1315, 492373472
2231, SELECT 366
2251, SELECT 25
2253, SELECT 1241
2272, INSERT 283, 874396416
2319, SELECT 1961
2347, SELECT 1426
2372, INSERT 1576, 132409651
2399, INSERT 1917, 1245889700
2409, INSERT 81, 1647975500
2454, INSERT 951, 1672233798
2469, SELECT 248
2499, INSERT 1136, 702531199
2516, SELECT 703
2543, SELECT 850
2557, SELECT 1897
2567, SELECT 1134
2608, SELECT 341
2628, INSERT 1016, 1915971409
2635, INSERT 1352, 1532356590
2680, SELECT 560
2723, INSERT 1459, 1994709178
2767, SELECT 1023
2794, SELECT 322
2813, SELECT 1235
2831, INSERT 585, 1924914137
2870, INSERT 1840, 2055750856
2875, SELECT 926
2876, SELECT 1489
2907, INSERT 143, 1594957011
2954, SELECT 449
2988, SELECT 1583
3032, INSERT 1043, 1282942974
3058, INSERT 700, 1202510181
3071, INSERT 990, 1029733300
3098, SELECT 402
3117, SELECT 1158
3122, SELECT 1927
3145, SELECT 1626
3178, INSERT 443, 1857488477
3216, INSERT 134, 1610326993
3225, SELECT 1883
3255, SELECT 816
3300, SELECT 368
3336, INSERT 1690, 232357916
3357, INSERT 1391, 322278610
3397, SELECT 1362
3417, SELECT 353
3466, SELECT 825
3501, INSERT 71, 1609883146
3532, SELECT 271
3544, INSERT 104, 1854165429
3575, INSERT 189, 407992824
3586, INSERT 912, 1531264480
3608, SELECT 1214
3632, INSERT 1088, 155710642
3636, INSERT 826, 604148948
3680, SELECT 1272
3702, INSERT 983, 1802046263
3707, SELECT 1365
3732, INSERT 101, 1977686886
3754, SELECT 1762
3763, INSERT 1959, 1692449729
3771, INSERT 523, 746351080
3773, SELECT 1836
3809, SELECT 1682
3858, INSERT 1497, 274506740
3889, SELECT 1745
3890, INSERT 202, 449939072
3901, SELECT 728
3920, SELECT 1754
3960, SELECT 24
4001, INSERT 1627, 398556448
4026, SELECT 1470
4041, INSERT 1845, 2111706714
4088, SELECT 1113
4107, INSERT 1560, 1904074249
4124, INSERT 258, 863851897
4138, SELECT 366
4171, INSERT 64, 659665947
4219, SELECT 955
4259, INSERT 763, 36376216
4274, INSERT 1832, 18817269
4309, SELECT 1085
4323, SELECT 1404
4368, SELECT 1563
4369, INSERT 1837, 1688255654
4391, SELECT 370
4400, SELECT
4411, SELECT 1506
4457, SELECT 1195
4505, INSERT 241, 1507765237
4536, INSERT 13, 1956045040
4542, SELECT 793
4560, INSERT 1025, 993583257
4580, SELECT 1151
4605, INSERT 1461, 1786142211
4610, SELECT 22
4635, SELECT 1952
4643, INSERT 1448, 1386536096
4687, SELECT 982
4709, SELECT 1168
4751, INSERT 1316, 357099695
4752, INSERT 722, 859183185
4759, INSERT 186, 1431315759
4779, INSERT 1235, 2126848725
4785, SELECT 629
4787, INSERT 499, 752842977
4804, SELECT 1365
4816, INSERT 283, 1355595072
4833, INSERT 1969, 1858051857
4881, INSERT 1983, 367840740
4903, INSERT 1692, 2060842839
4948, INSERT 481, 1299511009
4953, INSERT 777, 941500486
4976, SELECT 985
5024, INSERT 1678, 327143524
5061, SELECT 51
5064, INSERT 662, 554108304
5079, SELECT
5083, INSERT 498, 1886879033
5125, SELECT 870
5139, SELECT 1182
5184, SELECT 356
5218, SELECT 1791
5251, INSERT 1679, 903265858
5289, INSERT 1641, 1962222349
5312, SELECT 602
5329, INSERT 625, 933183158
5339, SELECT 1971
5373, SELECT 1052
5412, INSERT 509, 666602150
5429, INSERT 1279, 1448782988
5469, SELECT 1778
5478, SELECT 1665
5512, INSERT 1962, 1166398201
5544, SELECT 1258
5564, INSERT 1948, 1987904113
5607, SELECT 1580
5638, INSERT 1266, 1439053171
5675, SELECT 339
5680, INSERT 978, 1035388119
5726, INSERT 540, 806547985
5758, SELECT 607
5802, INSERT 1765, 268343380
5843, SELECT 148
5859, SELECT 611
5891, SELECT 1701
5901, INSERT 160, 378742231
5941, SELECT 670
5950, SELECT 1959
5999, SELECT 1937
6010, SELECT 1182
6032, SELECT 253
6062, INSERT 1720, 799470337
6087, INSERT 1682, 787935415
6095, INSERT 361, 416163138
6135, INSERT 996, 171521434
6163, SELECT 131
6209, SELECT 1421
6231, SELECT 1457
6264, SELECT 1373
6295, SELECT 616
6342, INSERT 1684, 2125166637
6388, INSERT 1655, 1243453631
6409, INSERT 316, 181747250
6430, SELECT 1766
6458, SELECT 1349
6479, INSERT 1878, 1390243365
6484, INSERT 1399, 1011835429
6533, INSERT 1154, 1841448561
6560, INSERT 257, 1042350824
6595, SELECT 1200
6600, INSERT 585, 742704755
6634, INSERT 630, 1820946134
6667, SELECT 1695
6705, SELECT 1603
6713, INSERT 1808, 1753540859
6744, INSERT 1159, 1984754060
6769, INSERT 1071, 479966540
6803, SELECT 1188
6834, SELECT 1848
6876, SELECT 143
6916, SELECT 923
6934, SELECT 1300
6949, INSERT 680, 1096529327
6952, INSERT 1941, 1596125062
6997, INSERT 1671, 831756950
7021, INSERT 315, 263793973
7039, SELECT 318
7055, SELECT 1103
7067, SELECT
7106, SELECT 1120
7145, INSERT 1770, 1976687575
7163, INSERT 1334, 1152258295
7179, SELECT 15
7203, SELECT 1186
7238, SELECT 205
7279, SELECT 651
7296, INSERT 1576, 591475035
7308, INSERT 386, 426700302
7348, SELECT 376
7378, INSERT 1589, 1990500151
7412, SELECT 1066
7437, SELECT 1589
7470, INSERT 628, 178630787
7512, INSERT 1464, 573791508
7525, SELECT 1961
7545, INSERT 623, 20901492
7567, SELECT 1359
7602, INSERT 1, 1147116076
7647, SELECT 1657
7677, INSERT 1666, 827002218
7723, SELECT 1970
7772, INSERT 687, 1681988479
7776, SELECT 66
7805, SELECT 600
7839, SELECT 1719
7876, SELECT 557
7888, SELECT 185
7918, SELECT 1697
7954, INSERT 110, 889138937
7993, INSERT 45, 692685673
8008, INSERT 1208, 1961133752
8031, SELECT 172
8043, INSERT 283, 1528015662
8059, SELECT 297
8104, INSERT 1493, 444260547
8150, INSERT 357, 370609250
8157, INSERT 613, 850069838
8195, INSERT 1041, 775819534
8238, SELECT 640
8247, INSERT 1650, 581546715
8289, INSERT 1698, 1061260122
8327, SELECT 1506
8355, SELECT 891
8384, SELECT 76
8397, INSERT 1568, 797966689
8430, SELECT 276
8459, SELECT 1060
8479, INSERT 1951, 1548399325
8504, INSERT 740, 1781049962
8524, SELECT 361
8551, SELECT 1703
8581, INSERT 1563, 122624302
8600, SELECT 1482
8620, INSERT 1219, 621594193
8658, SELECT 1963
8664, INSERT 701, 510110453
8710, SELECT 206
8732, SELECT 1125
8734, SELECT 215
8769, INSERT 1092, 1105403661
8818, SELECT 1740
8831, INSERT 651, 117345380
8874, INSERT 119, 1481946642
8913, INSERT 141, 1139610511
8923, SELECT 1599
8930, SELECT 1631
8974, SELECT 1582
9005, SELECT 588
9014, INSERT 1966, 705167858
9057, INSERT 1984, 1494302190
9080, SELECT 730
9105, SELECT 1182
9132, INSERT 1810, 226572986
9160, SELECT 639
9169, INSERT 1949, 1579133609
9195, SELECT 729
9220, SELECT 780
9242, SELECT 1443
9272, INSERT 666, 547402881
9294, INSERT 617, 2036743650
9330, INSERT 516, 695247300
9360, INSERT 1480, 898583226
9361, SELECT 1061
9386, INSERT 363, 2001134743
9409, SELECT 1483
9430, INSERT 290, 1698077030
9461, INSERT 990, 705722833
9482, INSERT 1756, 1984847259
9484, INSERT 16, 826817813
9498, INSERT 1536, 48402941
9500, INSERT 755, 1681163642
9529, INSERT 431, 759004729
9532, INSERT 1606, 1222575515
9551, SELECT 668
9600, INSERT 1384, 886646636
9649, INSERT 9, 1912073154
9688, INSERT 1014, 1030081350
9701, SELECT 687
9707, SELECT 630
9708, INSERT 412, 1061574036
9756, INSERT 569, 26271190
9772, INSERT 1089, 979365360
9797, SELECT 1618
9818, INSERT 83, 1318176841
9823, INSERT 1995, 752253621
9854, SELECT 494
9891, INSERT 930, 1149978496
9933, INSERT 638, 1334275922
9946, INSERT 890, 1801661745
9953, SELECT 951
9987, INSERT 1959, 1234042691
10007, SELECT 1496
10047, INSERT 427, 1133532602
10065, SELECT 462
10067, INSERT 532, 1845460872
10109, INSERT 1210, 619818528
10127, SELECT 435
10172, INSERT 974, 233988669
10217, SELECT 1157
10255, SELECT 1799
10282, SELECT 1496
10331, SELECT 809
10348, INSERT 1603, 191364433
10384, SELECT 1359
10406, SELECT 1231
10421, SELECT 1199
10452, INSERT 1224, 1808733538
10462, INSERT 950, 1088102565
10472, INSERT 656, 271482646
10486, SELECT 1126
10512, INSERT 1768, 1495586303
10532, INSERT 765, 436905563
10576, SELECT 130
10592, INSERT 1204, 1761009011
10636, INSERT 265, 1917074417
10645, INSERT 419, 102872285
10682, INSERT 1806, 773021980
10701, SELECT 1178
10721, SELECT 308
10762, INSERT 397, 466742165
10798, INSERT 1904, 458651678
10806, INSERT 392, 2039306392
10844, SELECT 285
10880, INSERT 767, 232956736
10926, SELECT 210
10951, INSERT 1639, 825287044
10980, SELECT 1306
10988, INSERT 1986, 1583813799
11034, SELECT 1541
11057, SELECT 657
11062, SELECT 1750
11075, INSERT 1730, 3483756
11089, SELECT 1980
11099, INSERT 1445, 1502425543
11128, SELECT 1218
11165, SELECT 632
11191, SELECT 1616
11203, SELECT 1876
11250, SELECT
11277, INSERT 1888, 270238163
11293, SELECT 761
11301, INSERT 6, 1188935213
11343, INSERT 941, 389817109
11387, INSERT 571, 1253202719
11415, INSERT 558, 773780577
11452, INSERT 113, 1661434569
11485, INSERT 564, 104945685
11513, INSERT 363, 585396407
11545, INSERT 638, 1999190900
11550, INSERT 1292, 190138182
11576, SELECT 1230
11614, INSERT 1503, 1240664856
11647, INSERT 901, 844690691
11655, SELECT 527
11686, SELECT 1643
11733, SELECT 1508
11734, INSERT 1073, 971571957
11737, INSERT 1003, 845385304
11762, INSERT 1697, 1702040331
11796, INSERT 33, 488287304
11825, SELECT 1018
11857, SELECT 121
11861, INSERT 618, 412396902
11883, SELECT 1114
11930, SELECT 1117
11974, INSERT 1073, 645658035
12001, INSERT 1783, 2055963493
12038, SELECT 360
12081, INSERT 470, 518888601
12109, INSERT 235, 479458300
12113, INSERT 775, 2116707387
12116, INSERT 1905, 1453685653
12119, INSERT 1670, 158529315
12161, INSERT 664, 616556403
12170, INSERT 1931, 1244304998
12214, INSERT 650, 1031546553
12238, INSERT 637, 2033570700
12267, SELECT 935
12292, INSERT 970, 898926906
12337, SELECT 467
12343, INSERT 1818, 953444418
12380, SELECT 830
12388, SELECT 936
12414, SELECT 1812
12422, SELECT 1832
12471, INSERT 175, 315505533
12486, INSERT 1158, 980589061
12534, SELECT 1233
12576, SELECT 1362
12589, SELECT 1950
12628, SELECT 1281
12669, SELECT 1912
12672, SELECT 9
12675, INSERT 486, 211355895
12682, SELECT 763
12728, SELECT 495
12757, INSERT 1261, 1701283147
12761, SELECT 540
12770, SELECT 174
12781, INSERT 639, 1648319404
12802, SELECT 787
12834, INSERT 1146, 1070821070
12858, INSERT 1108, 1063599488
12894, INSERT 101, 1932766550
12917, SELECT 740
12961, INSERT 1786, 876477140
13007, SELECT 1023
13018, INSERT 1755, 1460375734
13040, INSERT 1915, 647922382
13064, INSERT 1202, 433869692
13108, INSERT 606, 1473916738
13113, INSERT 1075, 1775292499
13137, INSERT 1252, 1466634052
13156, SELECT 544
13192, SELECT 1299
13219, INSERT 579, 714970259
13244, SELECT 702
13264, SELECT 824
13310, SELECT 1529
13352, INSERT 633, 1668683540
13375, INSERT 60, 2101965879
13401, INSERT 601, 1059102537
13427, SELECT 977
13456, SELECT 1643
13498, SELECT 434
13503, INSERT 870, 1571997024
13543, INSERT 1493, 1102620691
13566, INSERT 848, 1121638929
13600, SELECT 1081
13602, INSERT 1606, 652403942
13631, SELECT 1411
13640, SELECT 1968
13651, SELECT 1754
13652, INSERT 1352, 585467871
13680, INSERT 330, 677792884
13702, SELECT 808
13715, INSERT 1621, 1930077347
13753, INSERT 1581, 1141195055
13762, SELECT 1082
13779, SELECT 1770
13798, SELECT 1596
13808, SELECT 1156
13809, SELECT 1466
13817, INSERT 1711, 1688010947
13843, INSERT 889, 271805339
13849, SELECT 174
13892, INSERT 1420, 291428901
13915, INSERT 1853, 1798323879
13952, INSERT 1857, 1472652525
13976, INSERT 441, 1534503023
14003, INSERT 1777, 1811770181
14011, INSERT 771, 1459259178
14013, SELECT
14058, INSERT 857, 1649762947
14081, SELECT 1848
14120, SELECT 245
14163, SELECT 1980
14206, SELECT 611
14221, INSERT 1460, 1244020576
14265, INSERT 758, 2023539413
14306, INSERT 61, 230991079
14336, INSERT 35, 1187207891
14352, SELECT 292
14365, INSERT 855, 1885609788
14374, INSERT 26, 1831586750
14375, INSERT 1040, 258551903
14418, SELECT 1387
14446, SELECT 838
14454, INSERT 215, 1691858424
14494, INSERT 1049, 1616246923
14542, SELECT 707
14547, INSERT 91, 2126018468
14586, SELECT 1550
14588, SELECT 1498
14612, SELECT 92
14632, INSERT 1996, 998303859
14663, INSERT 1971, 2109426447
14673, SELECT 1841
14702, INSERT 1759, 911664320
14722, INSERT 62, 1792530564
14747, SELECT 1404
14770, INSERT 785, 1361382388
14787, INSERT 605, 1922905083
14788, INSERT 689, 1393332997
14817, INSERT 1451, 83542223
14819, INSERT 1580, 317482873
14858, INSERT 381, 1644346761
14890, SELECT 637
14934, INSERT 1080, 1467024629
14955, INSERT 29, 1118179083
14988, INSERT 1276, 1806714437
15005, INSERT 1820, 227414434
15050, INSERT 1678, 388578871
15072, SELECT 884
15118, SELECT 1943
15163, SELECT 1668
15164, SELECT
15194, SELECT 460
15209, INSERT 409, 818829476
15243, INSERT 1897, 1741027048
15273, SELECT 1699
15294, SELECT 1756
15338, SELECT 1497
15371, INSERT 86, 1296572325
15373, INSERT 1608, 1804406965
15391, INSERT 628, 359289380
15404, INSERT 1098, 2114701135
15416, SELECT 34
15465, SELECT 806
15506, SELECT 327
15547, INSERT 257, 2100930278
15589, SELECT 1832
15597, SELECT 642
15628, INSERT 915, 949345668
15641, SELECT 829
15647, INSERT 1285, 593633846
15672, INSERT 1525, 1532297547
15675, SELECT 506
15714, SELECT
15727, INSERT 672, 701404898
15744, INSERT 1265, 1785733244
15776, INSERT 1580, 850642940
15819, INSERT 1755, 319728149
15864, INSERT 314, 92555571
15896, INSERT 1704, 1013918278
15934, INSERT 1712, 1853882252
15960, SELECT 1057
16009, INSERT 421, 880763184
16054, SELECT 1967
16078, INSERT 15, 35428783
16114, SELECT 448
16123, INSERT 1714, 152663562
16155, SELECT 1567
16164, SELECT 382
16193, SELECT 1610
16201, INSERT 830, 1683598062
16215, INSERT 461, 694436355
16261, INSERT 1110, 585662967
16284, SELECT 150
16297, SELECT 44
16345, INSERT 1787, 824139658
16380, INSERT 461, 116649139
16382, INSERT 817, 1542237140
16385, INSERT 1708, 976313810
16399, INSERT 1890, 1519772934
16412, SELECT 922
16415, INSERT 656, 737880277
16421, INSERT 1854, 2024980509
16426, INSERT 1666, 290674275
16445, INSERT 147, 1830060186
16457, INSERT 598, 1857520232
16495, SELECT 505
16544, INSERT 1611, 348468030
16578, SELECT 875
16622, INSERT 683, 1289111976
16627, SELECT 1065
16634, INSERT 1272, 1601434064
16653, SELECT 475
16655, INSERT 941, 180344543
16667, INSERT 1392, 439775650
16711, INSERT 724, 1731517127
16745, SELECT 203
16772, INSERT 503, 2009034819
16806, INSERT 1507, 751734021
16818, SELECT 598
16828, INSERT 1767, 563669197
16839, SELECT 1187
16864, SELECT 1210
16901, INSERT 1442, 49200596
16927, INSERT 1694, 796719597
16938, SELECT 1947
16961, INSERT 1096, 1191485329
16978, INSERT 1708, 1006480304
17005, INSERT 8, 846158168
17015, INSERT 1183, 252755552
17046, SELECT 1713
17056, SELECT 1104
17093, SELECT 179
17139, INSERT 179, 1430242795
17153, SELECT 126
17154, SELECT 777
17195, SELECT 678
17202, INSERT 1662, 913389842
17229, SELECT 1094
17276, INSERT 1562, 1762067820
17323, SELECT 1216
17338, SELECT 381
17354, INSERT 240, 604856225
17369, SELECT 103
17389, INSERT 65, 983899179
17418, SELECT 850
17463, INSERT 1081, 407156561
17494, SELECT 1837
17501, SELECT 47
17540, SELECT 118
17550, SELECT 1590
17561, SELECT 40
17592, SELECT 1479
17608, INSERT 459, 196977297
17637, INSERT 1417, 1923430984
17648, INSERT 1145, 1640478447
17679, INSERT 305, 707652768
17700, INSERT 549, 1635390282
17706, SELECT 1450
17747, SELECT 700
17761, SELECT 1858
17781, SELECT 1611
17818, INSERT 894, 857335288
17864, INSERT 1671, 1771035440
17879, INSERT 360, 11559645
17899, SELECT 1114
17920, INSERT 1260, 748081341
17923, SELECT 1904
17931, INSERT 1233, 1509351562
17971, SELECT 1261
18001, INSERT 1169, 852696525
18032, SELECT 1823
18039, INSERT 866, 1200201624
18061, INSERT 1906, 1046379663
18106, INSERT 1030, 55613076
18124, INSERT 1512, 515699778
18162, INSERT 480, 1244144123
18191, INSERT 45, 1392500365
18236, SELECT 99
18247, INSERT 1860, 1155631797
18275, SELECT 1201
18279, SELECT 1892
18299, INSERT 1571, 1719536154
18306, INSERT 554, 765020190
18335, INSERT 1282, 283337636
18367, INSERT 661, 11811917
18388, SELECT 1789
18428, SELECT 1421
18432, SELECT 1270
18434, INSERT 337, 108027657
18483, INSERT 348, 969179138
18501, INSERT 1040, 1232583690
18515, INSERT 916, 1851475967
18543, SELECT 619
18562, INSERT 350, 615854097
18565, SELECT 1002
18607, INSERT 1459, 324371446
18650, SELECT 871
18659, SELECT 683
18663, SELECT 407
18676, INSERT 1244, 1648720183
18698, INSERT 292, 586176601
18702, INSERT 495, 1790117942
18751, SELECT 747
18759, SELECT 545
18784, INSERT 1423, 1353601801
18820, INSERT 1372, 2091023019
18853, SELECT 1016
18880, SELECT 1956
18929, INSERT 110, 925164488
18975, INSERT 152, 1503181518
18995, INSERT 911, 631545132
19025, SELECT 793
19039, INSERT 1422, 1923230229
19057, SELECT 846
19093, INSERT 1239, 1103079745
19139, SELECT 17
19182, INSERT 765, 1704794709
19213, INSERT 688, 76873684
19228, INSERT 472, 519902852
19256, INSERT 756, 1893704833
19275, SELECT 321
19288, INSERT 1226, 2144888115
19304, SELECT 1512
19346, SELECT 1309
19356, INSERT 868, 1241903358
19376, INSERT 1557, 227430642
19379, SELECT 706
19417, SELECT 680
19456, SELECT 160
19481, INSERT 1497, 1574372402
19501, INSERT 937, 2116344867
19525, SELECT 1460
19537, SELECT 239
19584, SELECT 1983
19588, INSERT 237, 1255624865
19614, INSERT 485, 1129110895
19653, INSERT 1923, 212512185
19674, SELECT 140
19709, SELECT 9
19755, SELECT 907
19779, SELECT 348
19816, SELECT 1989
19828, INSERT 32, 823346591
19829, INSERT 418, 310138727
19836, SELECT 227
19867, INSERT 602, 1154859377
19889, SELECT 512
19920, INSERT 146, 581696542
19945, SELECT 1301
19952, INSERT 1543, 85633402
20000, SELECT 572
20034, SELECT 1067
20059, INSERT 1727, 2095085757
20088, SELECT 753
20116, SELECT 1559
20132, INSERT 737, 1624962847
20136, SELECT 685
20139, SELECT
20143, INSERT 338, 295444097
20176, INSERT 30, 1840486105
20209, SELECT 1529
20239, SELECT 1373
20287, SELECT 158
20315, INSERT 1984, 1558096372
20357, SELECT 434
20403, SELECT 955
20449, INSERT 1582, 1726727636
20470, INSERT 337, 280843468
20498, SELECT 1734
20519, INSERT 1546, 284279634
20567, INSERT 1837, 1085811029
20583, INSERT 887, 1596889749
20592, INSERT 573, 129637178
20600, SELECT 1602
20610, INSERT 1662, 1223412758
20651, INSERT 545, 1268952108
20684, SELECT 1671
20697, INSERT 598, 1051230819
20738, SELECT 1754
20785, INSERT 307, 975184096
20814, INSERT 1249, 2084154258
20819, INSERT 1964, 1628075223
20859, INSERT 1349, 34873175
20885, INSERT 598, 1456382701
20924, INSERT 1674, 1553878610
20971, SELECT 109
20979, SELECT 366
21007, INSERT 1698, 2101835299
21020, INSERT 1974, 1687049259
21053, INSERT 992, 1202124066
21084, SELECT 1994
21107, INSERT 1919, 1335658141
21140, SELECT 1248
21159, INSERT 996, 2091796872
21187, SELECT 594
21230, SELECT 1516
21251, SELECT 304
21262, SELECT
21286, SELECT 210
21296, SELECT 1210
21339, SELECT 1035
21388, SELECT 1204
21429, SELECT
21440, INSERT 952, 427020147
21474, SELECT 549
21503, SELECT 1614
21523, INSERT 1115, 1305788624
21562, INSERT 649, 659942048
21582, INSERT 1929, 2070600555
21605, INSERT 562, 472896334
21645, INSERT 187, 2004482095
21659, INSERT 588, 1954428018
21660, SELECT 571
21691, INSERT 1807, 1828047212
21708, INSERT 414, 784768990
21729, INSERT 865, 1080072193
21754, SELECT 274
21761, SELECT 851
21788, INSERT 937, 835569056
21821, SELECT 406
21864, SELECT 318
21889, INSERT 1352, 211615872
21898, INSERT 1251, 922200463
21901, SELECT 922
21939, SELECT 1402
21968, INSERT 1551, 1063851980
22012, INSERT 1495, 626961060
22053, SELECT 1497
22078, INSERT 1015, 1673800538
22115, INSERT 1990, 992826543
22159, SELECT 42
22203, INSERT 744, 1336042523
22230, INSERT 1260, 147947242
22238, SELECT 1400
22281, INSERT 530, 735398869
22296, INSERT 534, 1426337496
22342, SELECT 99
22363, INSERT 1434, 1042639492
22393, SELECT 144
22403, SELECT 1168
22442, INSERT 1490, 1769250455
22486, INSERT 1181, 1425087386
22506, SELECT 1277
22507, SELECT 1023
22520, INSERT 198, 19604600
22539, INSERT 427, 1144586667
22554, INSERT 945, 404419354
22556, SELECT 236
22581, SELECT 332
22613, INSERT 1559, 1716955767
22628, INSERT 1322, 1290470264
22634, INSERT 954, 2025874349
22674, INSERT 1647, 1943012260
22707, SELECT 940
22752, INSERT 1067, 1588394640
22784, INSERT 1273, 1816299570
22799, SELECT 654
22805, INSERT 1746, 1729991471
22831, INSERT 1445, 229448060
22864, SELECT 422
22897, SELECT 1465
22933, SELECT 1792
22957, INSERT 509, 914954251
23002, INSERT 299, 1898286357
23034, SELECT 634
23080, INSERT 1680, 1705537580
23101, INSERT 780, 763463800
23144, INSERT 1617, 641234121
23183, INSERT 144, 257640779
23184, SELECT 1418
23200, INSERT 1707, 52343055
23237, INSERT 1792, 1018049138
23245, SELECT 1692
23261, INSERT 549, 1110173501
23295, SELECT 1402
23306, INSERT 37, 799953817
23320, SELECT 1173
23368, INSERT 1742, 1565939720
23402, SELECT 1380
23417, SELECT 1947
23423, SELECT 76
23454, SELECT 1353
23457, SELECT 835
23486, INSERT 1006, 470124871
23498, INSERT 1508, 1705434396
23538, INSERT 1012, 257009033
23586, SELECT 1464
23592, SELECT 1747
23620, INSERT 1158, 622133490
23665, SELECT 614
23713, SELECT 824
23743, INSERT 275, 565626906
23748, SELECT 1630
23752, INSERT 333, 1744930219
23773, INSERT 141, 1894578361
23813, INSERT 1117, 994736880
23830, SELECT 505
23872, INSERT 634, 530823838
23909, INSERT 1637, 1811413405
23947, INSERT 1040, 1104636140
23977, SELECT 691
23983, INSERT 1624, 646870999
23992, SELECT 1630
24037, SELECT 1454
24057, INSERT 154, 91576634
24086, SELECT 1737
24109, INSERT 159, 1318311085
24131, INSERT 84, 679539568
24159, SELECT 1823
24189, INSERT 682, 1997464892
24226, SELECT 158
24243, SELECT 1744
24290, INSERT 877, 1491354187
24291, INSERT 1854, 1550981725
24315, SELECT 1813
24331, INSERT 1740, 1822869068
24367, SELECT 706
24396, SELECT 384
24432, INSERT 596, 46517686
24472, INSERT 1069, 2045772564
24516, INSERT 1336, 728893989
24560, INSERT 600, 189817417
24591, SELECT 1634
24607, INSERT 1210, 1172304204
24642, INSERT 709, 1655633462
24655, SELECT 711
24703, INSERT 1919, 1866517928
24712, SELECT 276
24725, SELECT 235
24751, SELECT 753
24764, INSERT 1448, 75476113
24772, INSERT 1742, 644772813
24799, SELECT 1143
24848, SELECT 1787
24894, INSERT 753, 1371033068
24914, INSERT 1818, 1552690400
24946, INSERT 1141, 822002901
24966, INSERT 30, 353244513
24980, SELECT 183
24993, INSERT 401, 1398568401
25012, SELECT 854
25041, INSERT 310, 1035861891
25053, INSERT 388, 468696455
25061, INSERT 1977, 1787029829
25074, INSERT 801, 1843687182
25111, INSERT 1789, 117724309
25148, INSERT 607, 11806451
25161, SELECT 1348
25167, SELECT 1456
25173, INSERT 287, 618518557
25180, INSERT 288, 580510844
25195, SELECT
25242, SELECT 1679
25255, SELECT 1821
25299, SELECT 1380
25320, INSERT 299, 486230951
25351, SELECT 213
25373, INSERT 520, 1563859448
25411, SELECT 1434
25443, INSERT 1248, 1635807314
25490, INSERT 723, 34926310
25519, SELECT 1651
25557, SELECT 1927
25598, SELECT 490
25647, SELECT 1537
25685, SELECT 1759
25721, SELECT 801
25758, SELECT 1085
25765, SELECT 531
25799, INSERT 1292, 1851518579
25806, SELECT 1228
25840, INSERT 1792, 2100145706
25847, SELECT 1579
25888, SELECT 498
25916, INSERT 574, 1358481339
25951, SELECT 287
25979, SELECT 642
25982, INSERT 1129, 1844118534
25993, SELECT 157
26011, SELECT 864
26014, INSERT 538, 1865812959
26059, INSERT 1424, 612294188
26085, SELECT 396
26127, INSERT 327, 323351606
26157, INSERT 115, 1829871485
26181, SELECT 1341
26196, SELECT 358
26207, SELECT 1205
26222, SELECT 1212
26257, INSERT 487, 188371249
26263, SELECT 1081
26301, INSERT 25, 434273791
26325, INSERT 948, 341439452
26370, INSERT 1917, 1022353515
26378, SELECT 67
26422, SELECT 1223
26452, INSERT 1819, 2128247282
26474, SELECT 766
26521, SELECT 1871
26559, INSERT 1810, 2010329948
26601, INSERT 1383, 1544804897
26623, SELECT 1894
26667, INSERT 901, 230501560
26700, INSERT 386, 1264678261
26723, INSERT 1872, 1444811403
26746, INSERT 1540, 1997823193
26749, INSERT 418, 2016675275
26779, INSERT 1401, 1631551161
26813, SELECT 1045
26855, INSERT 352, 1860982633
26875, SELECT 653
26881, INSERT 1457, 1589059608
26920, INSERT 941, 1261956575
26943, INSERT 958, 1786354206
26973, SELECT 688
26999, SELECT 1745
27019, SELECT 48
27021, SELECT 222
27022, INSERT 547, 1062336338
27068, INSERT 1647, 1526413071
27086, INSERT 324, 1008840408
27114, INSERT 600, 989704019
27122, INSERT 1841, 172022088
27156, SELECT 1288
27187, INSERT 1844, 891931160
27233, SELECT 212
27253, INSERT 1152, 837170064
27300, SELECT 317
27346, SELECT 118
27376, SELECT 583
27396, SELECT 1362
27433, SELECT 358
27469, SELECT 1409
27495, INSERT 1574, 1412371250
27533, INSERT 151, 415261582
27560, SELECT 332
27582, SELECT 1443
27624, INSERT 103, 1631180629
27669, SELECT 1940
27710, INSERT 713, 1559830365
27756, INSERT 1316, 706809250
27762, INSERT 1274, 1135741151
27771, INSERT 601, 1152611622
27810, INSERT 1510, 1031928298
27833, SELECT 1974
27859, SELECT 906
27888, INSERT 1605, 1912901210
27907, SELECT 1459
27942, INSERT 525, 299607296
27955, INSERT 100, 521887897
27962, SELECT 1050
28010, SELECT 1550
28053, SELECT 247
28092, INSERT 403, 480154887
28096, INSERT 1503, 14505446
28116, SELECT 711
28141, SELECT 881
28184, SELECT 555
28217, SELECT 1821
28225, SELECT 124
28232, INSERT 30, 1804268732
28247, SELECT 659
28255, INSERT 143, 101781469
28276, INSERT 1690, 812120272
28299, INSERT 54, 873701962
28333, SELECT 519
28349, INSERT 934, 1710500775
28374, INSERT 131, 565129173
28410, SELECT 740
28446, INSERT 115, 1707549961
28477, SELECT 1649
28504, INSERT 1712, 1316346603
28512, INSERT 883, 2071542551
28551, INSERT 769, 1313611588
28557, SELECT 112
28569, INSERT 1646, 1841027193
28617, SELECT 1464
28626, INSERT 1293, 353150297
28633, INSERT 1548, 364311147
28645, INSERT 1432, 289414428
28664, SELECT 44
28706, INSERT 971, 1419151515
28721, INSERT 508, 2095143257
28760, INSERT 1119, 1053619211
28794, INSERT 1701, 1578133339
28837, INSERT 872, 1448217401
28879, INSERT 1657, 1171083118
28894, INSERT 752, 62864040
28896, INSERT 1342, 818912519
28921, SELECT
28964, INSERT 1314, 917523822
29010, INSERT 1342, 825443327
29017, SELECT 969
29057, INSERT 1962, 583823359
29070, INSERT 1945, 396572809
29099, INSERT 1881, 787200258
29104, SELECT 1872
29124, INSERT 356, 2138425385
29168, INSERT 1956, 884694951
29179, SELECT 906
29188, SELECT 1745
29189, SELECT 1586
29192, INSERT 819, 2068289833
29218, SELECT 1201
29237, INSERT 674, 92456175
29286, SELECT 1608
29311, INSERT 1202, 800608564
29324, SELECT 1128
29369, SELECT
29403, SELECT 711
29421, INSERT 863, 1885668846
29435, SELECT 947
29449, SELECT 59
29494, INSERT 942, 982440171
29516, SELECT 757
29552, INSERT 406, 1150697101
29576, INSERT 1691, 126843836
29577, SELECT 46
29593, SELECT 1481
29621, SELECT 1768
29635, SELECT 765
29679, SELECT 409
29701, INSERT 1174, 1674012055
29735, SELECT 461
29740, SELECT 441
29744, INSERT 941, 1437707514
29756, INSERT 1429, 2105947300
29775, SELECT 1148
29784, INSERT 199, 1950786096
29823, SELECT 1897
29868, SELECT 1882
29869, SELECT 1251
29884, SELECT 1337
29907, SELECT 246
29924, SELECT 1050
29965, INSERT 1646, 1508364546
29974, INSERT 1204, 1462730208
30003, SELECT 556
30015, INSERT 639, 930101100
30041, SELECT 505
30042, INSERT 1358, 1362877160
30047, INSERT 212, 1451999679
30057, SELECT 261
30090, INSERT 248, 1569369915
30131, SELECT 1994
30150, SELECT 1152
30166, INSERT 858, 58830042
30175, INSERT 1186, 1748566403
30176, SELECT 1472
30201, INSERT 1226, 2028427528
30246, SELECT 1225
30254, INSERT 1216, 234079958
30270, SELECT 1212
30308, SELECT 727
30311, INSERT 646, 1558425700
30350, INSERT 989, 1759527242
30369, SELECT 1543
30400, INSERT 479, 1352380846
30416, SELECT 901
30425, INSERT 832, 13136919
30462, INSERT 1422, 1272904341
30500, SELECT 687
30502, INSERT 1367, 832932952
30545, SELECT 1655
30567, SELECT 819
30576, SELECT 1856
30594, SELECT 1857
30622, INSERT 388, 1350743721
30656, INSERT 1941, 1019828805
30675, SELECT 792
30709, SELECT 962
30744, SELECT 845
30778, INSERT 38, 1082691881
30788, INSERT 1652, 1971910149
30829, SELECT 1553
30863, INSERT 1544, 1281842938
30910, INSERT 1402, 1176181934
30955, SELECT 1059
30985, SELECT 796
30990, INSERT 447, 1066664766
31001, SELECT 618
31021, SELECT 1359
31046, INSERT 1279, 1256431399
31079, INSERT 1410, 1212692932
31080, INSERT 1064, 1395820673
31088, INSERT 1011, 8153944
31128, INSERT 1792, 774362346
31143, INSERT 1661, 1785391133
31171, SELECT 1636
31215, INSERT 381, 556123850
31246, INSERT 113, 1856561843
31248, SELECT 654
31255, INSERT 777, 2008355412
31279, SELECT 6
31297, INSERT 1013, 1969119227
31336, INSERT 779, 135407819
31347, SELECT 1821
31383, SELECT 1092
31431, INSERT 61, 278373792
31439, SELECT 1854
31470, SELECT 277
31472, SELECT 1970
31492, SELECT 1262
31539, INSERT 930, 1170226407
31570, SELECT 453
31612, SELECT 482
31635, SELECT 395
31662, INSERT 1686, 1559171204
31676, SELECT 450
31718, INSERT 48, 700620284
31740, INSERT 1018, 369366725
31762, INSERT 1178, 1477818444
31802, INSERT 995, 358143856
31851, SELECT 1313
31899, SELECT 392
31945, INSERT 883, 397805666
31980, SELECT 754
32028, INSERT 1405, 817263145
32076, INSERT 1556, 1735253436
32099, INSERT 1609, 879560688
32112, INSERT 779, 123788548
32148, SELECT 1070
32173, SELECT 1701
32202, SELECT 572
32232, INSERT 924, 1527805120
32267, INSERT 1427, 1220017422
32306, INSERT 394, 1464399739
32354, INSERT 409, 1150777618
32364, INSERT 1885, 1367457103
32402, INSERT 934, 71994535
32451, SELECT 663
32500, SELECT 283
32545, INSERT 418, 274123125
32593, INSERT 1415, 88529202
32622, SELECT 1201
32646, INSERT 1142, 494910040
32668, SELECT 626
32712, SELECT 429
32754, INSERT 1428, 1898002219
32771, INSERT 1173, 1998703429
32787, INSERT 1539, 1014113228
32791, INSERT 1135, 199422186
32819, SELECT 1901
32825, SELECT 1903
32838, SELECT 517
32848, INSERT 513, 311176469
32896, SELECT 1079
32915, SELECT 378
32927, INSERT 572, 909561239
32941, INSERT 338, 773558853
32949, SELECT 1967
32984, SELECT 1981
33027, SELECT 1379
33051, INSERT 1486, 1771089568
33091, SELECT 133
33131, INSERT 1427, 1572976325
33141, SELECT 1530
33170, INSERT 1350, 317109003
33194, SELECT 1232
33230, INSERT 885, 890478641
33274, INSERT 1330, 1323868140
33284, INSERT 1403, 1947871680
33314, INSERT 1249, 1398919024
33344, INSERT 1107, 272710429
33387, INSERT 1575, 1774521271
33429, INSERT 821, 1596228628
33434, INSERT 425, 2048077040
33445, INSERT 184, 1129832335
33454, INSERT 355, 1131089130
33472, INSERT 1091, 387356105
33481, SELECT 236
33506, INSERT 1085, 804437170
33555, SELECT 1415
33579, SELECT 1098
33622, SELECT 1394
33662, SELECT 947
33681, INSERT 939, 1127632376
33727, INSERT 1528, 1633784171
33751, SELECT 77
33760, INSERT 473, 136081461
33807, SELECT 495
33826, INSERT 81, 1214336075
33852, SELECT 881
33880, SELECT 852
33887, SELECT 815
33915, INSERT 900, 2048003034
33926, SELECT 1755
33974, SELECT 1153
34008, INSERT 1501, 2070822605
34046, INSERT 209, 2115164608
34049, SELECT
34064, INSERT 646, 413936662
34095, INSERT 452, 1960029593
34119, SELECT 1017
34165, INSERT 39, 75807188
34184, INSERT 325, 1291254580
34233, INSERT 161, 1623278470
34239, INSERT 826, 1398462736
34273, SELECT 700
34305, INSERT 308, 1254870126
34349, SELECT 1296
34386, SELECT 65
34428, SELECT 1152
34466, INSERT 1466, 1780900894
34510, INSERT 57, 86719406
34525, SELECT 1066
34565, SELECT 1800
34604, INSERT 1716, 1983212991
34616, INSERT 292, 1218051127
34644, SELECT 736
34663, INSERT 1799, 312291551
34677, SELECT 582
34719, SELECT 695
34767, INSERT 591, 691463260
34802, INSERT 1664, 349919617
34822, SELECT 754
34827, SELECT 640
34840, INSERT 543, 816252349
34862, SELECT 481
34895, SELECT 1957
34929, SELECT 1690
34931, SELECT 239
34938, SELECT 985
34972, SELECT 760
35011, SELECT 753
35036, SELECT 1372
35069, INSERT 1816, 679122691
35091, INSERT 1309, 1651422255
35131, SELECT 927
35178, INSERT 708, 1261829449
35225, INSERT 361, 922508292
35241, SELECT 1478
35275, INSERT 891, 310849937
35320, SELECT 206
35364, INSERT 365, 2034422313
35394, SELECT 168
35403, INSERT 1370, 1780092973
35414, SELECT 774
35423, INSERT 849, 585544075
35443, SELECT 1766
35462, INSERT 1260, 319174700
35492, SELECT 1851
35511, INSERT 1143, 1239906975
35523, INSERT 1970, 689465856
35550, INSERT 520, 491187344
35555, SELECT 352
35597, INSERT 1952, 941812981
35620, INSERT 1416, 609906533
35669, INSERT 1139, 930624937
35670, SELECT 1319
35681, SELECT 1671
35727, SELECT 1522
35751, INSERT 1457, 640759013
35769, INSERT 1579, 1092945171
35801, INSERT 593, 1183334644
35828, INSERT 938, 340349508
35861, INSERT 1177, 1988608521
35903, SELECT 27
35934, SELECT
35951, INSERT 1373, 510237207
36000, SELECT 1928
36018, INSERT 819, 2009795396
36060, SELECT 1573
36087, INSERT 1846, 270888165
36126, INSERT 601, 351386918
36158, INSERT 472, 1984085954
36204, SELECT 1352
36241, INSERT 911, 213424209
36289, INSERT 616, 1405668873
36305, INSERT 233, 1452111908
36318, INSERT 1488, 894567976
36357, SELECT 1561
36392, INSERT 469, 93945250
36398, SELECT 1427
36431, INSERT 82, 1222359995
36469, SELECT 1430
36472, SELECT 660
36518, INSERT 1615, 670989144
36527, SELECT 597
36553, SELECT 315
36554, SELECT 546
36598, INSERT 1981, 938993159
36629, SELECT 54
36650, SELECT 1057
36659, INSERT 725, 1751579431
36705, INSERT 1711, 922841652
36738, SELECT 968
36769, INSERT 366, 1805942764
36777, SELECT 1666
36815, SELECT 1284
36863, INSERT 1401, 710331520
36877, SELECT 1252
36913, INSERT 271, 1076948190
36936, INSERT 438, 1215818040
36940, SELECT 1943
36967, SELECT 683
36988, INSERT 1766, 1166592046
37037, INSERT 1545, 532974277
37048, SELECT 1098
37085, SELECT 1771
37087, INSERT 1536, 535812177
37095, SELECT 1625
37128, SELECT 416
37144, SELECT 927
37173, INSERT 1839, 261162651
37217, INSERT 1276, 1374836587
37247, SELECT 1472
37271, SELECT 1107
37291, SELECT 595
37328, SELECT 1458
37366, INSERT 1757, 2135817941
37382, SELECT 716
37413, INSERT 1951, 824136080
37443, INSERT 1976, 1491412165
37473, INSERT 1300, 569143530
37493, SELECT 1988
37502, INSERT 1630, 1263421165
37547, SELECT 15
37556, INSERT 705, 1776650010
37579, SELECT 69
37626, SELECT 210
37661, INSERT 1897, 772164858
37697, INSERT 1383, 1310588615
37742, SELECT 242
37779, SELECT 240
37816, INSERT 886, 1755271673
37849, SELECT 828
37883, INSERT 461, 2066475810
37923, SELECT 904
37950, INSERT 600, 1568546176
37963, INSERT 1712, 1448028411
37969, INSERT 183, 526914142
38011, INSERT 166, 1243773416
38052, INSERT 571, 1281866436
38077, INSERT 899, 1560669901
38089, SELECT 1142
38090, SELECT 601
38120, SELECT 1045
38149, INSERT 1736, 630267227
38174, SELECT 1080
38217, SELECT 898
38221, SELECT 1220
38238, SELECT 465
38276, SELECT 1434
38315, INSERT 1329, 818977355
38331, SELECT 1922
38363, SELECT 1449
38380, SELECT 1446
38410, SELECT 513
38458, INSERT 987, 767972615
38487, INSERT 1942, 1905002347
38533, INSERT 1502, 23730589
38562, INSERT 1033, 450829103
38568, INSERT 452, 181917012
38585, SELECT 1034
38618, INSERT 559, 724628269
38649, INSERT 1281, 1850792489
38685, INSERT 1494, 1175702150
38724, INSERT 1590, 263519271
38765, SELECT 570
38805, SELECT 358
38829, SELECT 534
38863, SELECT 733
38884, SELECT 335
38929, SELECT 1382
38965, SELECT 682
38985, SELECT 1594
39011, INSERT 529, 1244617770
39039, SELECT 1346
39053, INSERT 1723, 1559175832
39084, INSERT 356, 2053367113
39100, INSERT 250, 1750092871
39130, SELECT 372
39154, INSERT 1138, 1975027506
39189, SELECT 1013
39213, SELECT 1160
39238, INSERT 1593, 1932642997
39252, INSERT 1770, 1742064012
39290, SELECT 685
39325, INSERT 38, 50845298
39367, SELECT 1805
39411, INSERT 194, 490928623
39458, SELECT 976
39474, INSERT 504, 1710860456
39506, SELECT 1950
39535, INSERT 1092, 1243528800
39572, INSERT 828, 2016878256
39586, INSERT 417, 778700980
39624, SELECT 1740
39655, SELECT 845
39668, SELECT 960
39671, INSERT 972, 894591895
39686, INSERT 1413, 242113417
39730, INSERT 880, 1327471709
39733, SELECT 984
39766, INSERT 1919, 1559812241
39795, SELECT 1146
39829, INSERT 330, 1721460962
39874, INSERT 1452, 33120473
39888, INSERT 1059, 740411370
39933, SELECT 1985
39959, INSERT 969, 1570787863
39975, INSERT 1625, 42794881
40008, INSERT 1517, 195035368
40038, INSERT 1801, 932215527
40072, SELECT 1815
40078, SELECT 1691
40094, INSERT 679, 2128699771
40099, SELECT 1333
40124, SELECT 967
40131, SELECT 1295
40159, INSERT 256, 1535996403
40173, SELECT 115
40182, INSERT 1321, 480073
40196, SELECT 1228
40240, SELECT 1773
40275, SELECT 1714
40306, INSERT 1162, 1377684802
40307, INSERT 607, 1509336771
40339, INSERT 676, 2072865626
40378, INSERT 1144, 1465203218
40379, INSERT 1652, 2118179947
40387, SELECT 1537
40392, SELECT 983
40420, INSERT 1885, 1606621805
40431, INSERT 197, 389751612
40434, SELECT 1496
40473, SELECT 394
40493, SELECT 813
40497, SELECT 845
40546, SELECT 76
40581, SELECT 843
40622, SELECT 555
40629, SELECT 1011
40649, INSERT 1256, 541653568
40661, INSERT 388, 425214203
40673, INSERT 732, 360514520
40710, INSERT 849, 1795532783
40735, SELECT 511
40763, INSERT 965, 518754441
40774, SELECT 1959
40815, INSERT 127, 1744672612
40823, INSERT 37, 1450907135
40829, SELECT 1834
40867, SELECT 1005
40889, INSERT 1333, 1382608460
40908, INSERT 1544, 1317384076
40950, SELECT 655
40995, INSERT 87, 1325461729
41003, INSERT 751, 342675118
41010, SELECT
41031, INSERT 1498, 1573667248
41075, INSERT 1670, 1069998619
41079, INSERT 1959, 1707694140
41120, SELECT 1185
41146, INSERT 900, 2093804928
41179, INSERT 1381, 1647802131
41215, SELECT 1521
41242, INSERT 1296, 795749113
41286, INSERT 488, 1029398973
41318, SELECT 554
41319, INSERT 1738, 160900536
41365, SELECT 1325
41409, SELECT 1722
41443, SELECT 53
41467, SELECT
41483, SELECT 1910
41530, SELECT 1805
41552, SELECT 1910
41599, INSERT 346, 2089082402
41631, SELECT 1677
41638, INSERT 1807, 1892307109
41684, INSERT 1574, 1477898009
41700, INSERT 434, 12613711
41733, SELECT 1014
41779, INSERT 1860, 1010154955
41795, SELECT 1903
41799, SELECT 892
41824, SELECT 999
41867, INSERT 1781, 2072826138
41910, INSERT 68, 1424135453
41951, SELECT 824
41976, SELECT 813
42018, SELECT 1207
42048, INSERT 1038, 937337690
42076, SELECT 509
42095, INSERT 357, 1520188154
42112, SELECT 1024
42145, SELECT 1468
42146, INSERT 1306, 855919172
42151, INSERT 916, 621506790
42169, INSERT 1201, 1811324639
42197, INSERT 1806, 1528409192
42228, INSERT 798, 1962523243
42248, SELECT 953
42285, SELECT 1552
42317, SELECT 483
42319, INSERT 1179, 707324473
42344, INSERT 672, 416424728
42369, SELECT 1784
42406, INSERT 294, 498453664
42446, INSERT 1776, 440398637
42457, SELECT 469
42506, INSERT 1313, 470648474
42521, SELECT 1159
42558, INSERT 1637, 536581433
42583, SELECT 1007
42589, INSERT 840, 1897251179
42633, INSERT 1473, 873291018
42669, SELECT 413
42714, SELECT 594
42762, INSERT 689, 679246258
42785, INSERT 1812, 1742212335
42828, INSERT 302, 818708918
42854, SELECT 479
42865, INSERT 174, 2144585051
42881, INSERT 686, 1275503136
42903, INSERT 970, 935444495
42939, INSERT 1361, 426588876
42955, SELECT 303
42967, SELECT 1
42982, SELECT
43011, INSERT 710, 1911465200
43052, INSERT 1444, 2124258488
43078, INSERT 78, 2126423985
43104, INSERT 1501, 1882405633
43115, SELECT 182
43136, SELECT 120
43185, SELECT 21
43201, INSERT 173, 1501789679
43236, INSERT 1518, 761416402
43241, INSERT 1297, 664402102
43290, INSERT 333, 1596699834
43304, SELECT 279
43328, INSERT 1650, 791824394
43369, SELECT 1913
43384, INSERT 1790, 469751528
43412, SELECT 337
43431, INSERT 584, 161718530
43444, INSERT 1584, 1835049191
43493, INSERT 187, 2095645475
43516, INSERT 1556, 995492746
43558, INSERT 1065, 620104084
43584, SELECT 360
43626, SELECT 1578
43649, INSERT 1514, 613930200
43687, SELECT 1884
43699, SELECT 163
43711, SELECT 1334
43732, SELECT 155
43758, INSERT 734, 252265569
43767, INSERT 1297, 1397327475
43790, INSERT 461, 965893550
43807, INSERT 779, 1187272945
43827, SELECT 925
43868, SELECT 321
43895, INSERT 109, 1179996002
43912, INSERT 1512, 487551552
43928, SELECT 66
43932, SELECT 779
43950, SELECT 254
43973, INSERT 1506, 495867288
44002, SELECT 1231
44023, INSERT 487, 1461874439
44034, INSERT 1141, 1564070127
44051, INSERT 637, 570956734
44069, INSERT 287, 727609603
44105, INSERT 979, 1640167026
44140, SELECT 219
44158, INSERT 1401, 234377756
44193, SELECT 998
44240, INSERT 1619, 585354182
44277, SELECT 1713
44281, INSERT 118, 535829475
44301, INSERT 1543, 980227250
44316, INSERT 1000, 480863183
44333, INSERT 1829, 1303075528
44379, INSERT 635, 236732742
44404, INSERT 61, 1088339644
44411, SELECT 429
44421, SELECT 278
44448, SELECT 645
44485, SELECT 311
44501, INSERT 1629, 607995082
44517, SELECT 879
44529, INSERT 705, 1313990600
44543, SELECT 1216
44561, SELECT 1173
44605, SELECT 846
44646, INSERT 1385, 1524649009
44686, SELECT 111
44708, INSERT 1570, 561134132
44740, SELECT 771
44773, SELECT 1981
44799, SELECT 1630
44813, INSERT 1949, 426436783
44850, INSERT 550, 1649339655
44899, INSERT 923, 2067669919
44902, INSERT 1268, 1360425563
44920, INSERT 363, 240942397
44966, INSERT 1923, 1288481194
44985, SELECT 1988
45013, INSERT 1809, 1805190120
45038, SELECT 1438
45069, SELECT 625
45113, INSERT 559, 547223147
45128, INSERT 667, 465340459
45141, INSERT 1286, 474805680
45181, SELECT 383
45188, INSERT 1658, 26524710
45198, INSERT 400, 1524162909
45222, SELECT 348
45223, SELECT
45257, SELECT 451
45302, SELECT 627
45310, INSERT 1413, 1593621521
45321, SELECT 82
45358, SELECT 1188
45370, SELECT 237
45400, SELECT 1536
45433, SELECT 397
45450, INSERT 1906, 502758913
45496, SELECT 763
45517, INSERT 1359, 1316910310
45541, SELECT 162
45581, SELECT 363
45620, INSERT 1547, 1851558155
45654, SELECT 192
45666, SELECT 792
45678, SELECT 1745
45712, INSERT 222, 461466606
45714, SELECT 362
45722, SELECT 135
45763, INSERT 1930, 183856579
45765, SELECT 33
45793, INSERT 1089, 386351075
45838, SELECT 959
45859, INSERT 747, 2101969422
45866, INSERT 812, 758070454
45889, SELECT 1854
45897, SELECT 9
45903, SELECT 1503
45951, SELECT 523
45956, INSERT 613, 1254738671
46001, SELECT 290
46036, SELECT 1729
46052, SELECT 1426
46057, SELECT 1036
46098, INSERT 1745, 2089964267
46117, SELECT 712
46147, INSERT 1012, 1823925746
46192, INSERT 1774, 1601678507
46232, SELECT 1074
46242, INSERT 428, 961099500
46283, SELECT 931
46314, SELECT 721
46361, SELECT 1205
46387, INSERT 414, 782718501
46430, SELECT 646
46440, SELECT 398
46478, INSERT 1809, 560356469
46487, INSERT 630, 1719869943
46501, INSERT 299, 1132759612
46543, SELECT 107
46579, INSERT 1807, 141707822
46612, INSERT 460, 1019527325
46643, INSERT 1334, 542713882
46667, SELECT 1807
46712, INSERT 1400, 923875728
46744, INSERT 393, 1859100080
46771, SELECT 180
46781, SELECT 549
46792, INSERT 1205, 96219920
46793, SELECT 962
46840, INSERT 1293, 172853581
46861, INSERT 645, 824969136
46870, INSERT 1253, 756211538
46914, INSERT 809, 671453164
46961, INSERT 1063, 47303619
47008, INSERT 581, 2006914725
47036, INSERT 80, 2136241755
47051, INSERT 1775, 37572133
47099, INSERT 945, 469910123
47137, INSERT 905, 1013105585
47153, SELECT 1876
47156, INSERT 758, 1941971085
47160, INSERT 191, 2100917573
47178, SELECT 1634
47185, SELECT 40
47187, INSERT 192, 2051624583
47205, SELECT 1353
47246, INSERT 1102, 1788093486
47275, INSERT 1400, 29028162
47286, INSERT 1763, 859458235
47287, INSERT 1832, 2143217418
47293, SELECT 902
47328, SELECT 99
47358, INSERT 899, 2134532996
47400, SELECT 886
47438, SELECT 1784
47475, INSERT 786, 625824969
47515, SELECT 1574
47556, INSERT 13, 1902493057
47577, INSERT 1677, 963067075
47624, SELECT 359
47630, SELECT 305
47660, SELECT 500
47698, INSERT 1249, 667657080
47702, INSERT 518, 1832069564
47728, INSERT 1281, 394882014
47731, INSERT 438, 1046230095
47752, SELECT 1498
47759, INSERT 1000, 1796015229
47795, SELECT 474
47797, INSERT 1362, 223771052
47814, INSERT 29, 841784299
47838, SELECT 775
47880, SELECT 1137
47895, SELECT 1629
47909, SELECT 92
47916, INSERT 243, 1374916634
47962, SELECT 355
47974, INSERT 1641, 592475534
48008, SELECT 1410
48022, SELECT 1458
48059, INSERT 1820, 306154490
48069, SELECT 1845
48107, SELECT 576
48133, SELECT 1855
48145, INSERT 907, 1505553320
48151, SELECT 1634
48160, SELECT 1523
48207, INSERT 1074, 977660933
48244, SELECT 1859
48269, SELECT 13
48282, SELECT 533
48286, SELECT 117
48314, SELECT 1805
48333, INSERT 1246, 223463104
48336, INSERT 1955, 1166880940
48339, SELECT 689
48361, INSERT 1084, 1104602072
48378, INSERT 842, 534742595
48424, INSERT 901, 940520741
48436, SELECT 1264
48480, SELECT 94
48527, SELECT 899
48546, INSERT 1770, 887660776
48547, SELECT 948
48582, INSERT 1665, 1218877297
48631, INSERT 1451, 1085874369
48656, INSERT 1936, 1990022085
48698, INSERT 1753, 346163119
48715, INSERT 1300, 515854985
48743, SELECT 1598
48764, INSERT 278, 291456203
48773, INSERT 494, 79332705
48798, SELECT 317
48801, INSERT 1284, 1383988239
48806, SELECT 1428
48839, INSERT 1207, 407198301
48855, SELECT 1312
48868, SELECT 1574
48901, INSERT 299, 1928300731
48907, SELECT 965
48956, SELECT 1738
48979, SELECT 321
49014, INSERT 299, 1870920736
49032, SELECT 525
49056, SELECT 882
49102, SELECT 1572
49106, SELECT 32
49108, SELECT 1001
49126, INSERT 1467, 1578088116
49162, SELECT 1205
49193, SELECT 482
49221, INSERT 854, 2101007732
49266, SELECT 319
49304, SELECT 778
49311, SELECT 1010
49323, INSERT 256, 2059315414
49347, SELECT 573
49394, INSERT 1075, 1619489590
49405, INSERT 1656, 61035809
49437, SELECT 83
49463, SELECT 290
49480, INSERT 1451, 989149049
49506, INSERT 1186, 173405596
49552, INSERT 753, 1113740893
49591, SELECT 1823
49617, INSERT 48, 1079886434
49635, SELECT 1124
49639, SELECT 1185
49660, SELECT 1423
49708, SELECT 190
49754, INSERT 1516, 1309319469
49794, INSERT 1631, 2101439707
49835, INSERT 494, 1381925966
49874, INSERT 1042, 812948779
49898, SELECT 1359
49919, INSERT 779, 24831973
49949, INSERT 1324, 395550138
49962, SELECT 1596
49981, SELECT 938
50000, INSERT 1396, 1915635108
50042, SELECT 1522
50056, INSERT 1630, 224305393
50068, SELECT 732
50078, SELECT 1519
50111, SELECT
50151, SELECT 1462
50160, SELECT 546
50166, INSERT 104, 2138966843
50170, SELECT 1680
50193, INSERT 1257, 1593961017
50217, INSERT 1115, 2042576000
50249, INSERT 347, 1313401786
50270, INSERT 457, 1735063079
50302, INSERT 1787, 208721231
50313, INSERT 1111, 2128499758
50354, SELECT 1557
50363, SELECT 902
50377, INSERT 420, 693908373
50379, INSERT 1064, 1329570425
50391, SELECT 1457
50421, SELECT 189
50426, INSERT 720, 1454855938
50428, SELECT 439
50472, SELECT 1299
50496, SELECT 57
50511, SELECT 642
50551, SELECT 1263
50594, INSERT 1720, 1133944699
50602, SELECT 1964
50651, SELECT 1873
50664, INSERT 861, 1020488340
50688, SELECT 788
50693, SELECT 916
50738, INSERT 867, 1876893538
50763, SELECT 382
50786, SELECT 1492
50833, INSERT 145, 116725551
50845, SELECT 1709
50850, SELECT 1650
50865, SELECT 1614
50888, INSERT 1099, 2110029984
50895, INSERT 1236, 181843882
50915, SELECT 921
50931, INSERT 935, 1122102438
50964, SELECT 738
51009, INSERT 303, 304700626
51020, INSERT 722, 163287472
51034, SELECT 1308
51068, INSERT 1455, 187138770
51077, SELECT 1089
51101, SELECT 1443
51124, INSERT 1068, 1301668065
51142, INSERT 335, 1303566852
51158, INSERT 1778, 163094614
51170, INSERT 1524, 1795911341
51173, SELECT 1569
51219, SELECT 1660
