0, INSERT 74, 1736427440
26, INSERT 13, 157226410
36, SELECT 58
46, SELECT 45
67, SELECT 385
85, SELECT 413
88, INSERT 261, 627521899
108, SELECT 291
146, INSERT 83, 840292084
195, SELECT 328
211, INSERT 489, 1802793012
236, INSERT 218, 353661379
243, SELECT 304
257, SELECT 30
294, INSERT 381, 269111949
321, SELECT 190
362, SELECT 98
400, INSERT 52, 1092894288
428, INSERT 224, 181143807
471, SELECT 349
519, INSERT 75, 845817544
548, INSERT 154, 336260880
575, INSERT 326, 1426349502
583, INSERT 53, 1258917453
612, SELECT
649, SELECT 200
683, SELECT 26
724, INSERT 194, 403433757
734, INSERT 32, 347962348
744, SELECT 394
779, INSERT 98, 1427076292
812, SELECT 179
830, INSERT 431, 1077153845
844, SELECT 352
880, SELECT 251
923, INSERT 236, 2147196743
931, SELECT 330
936, INSERT 457, 1827954
951, SELECT 148
991, SELECT 428
1014, INSERT 344, 1087452672
1029, SELECT 337
1051, INSERT 219, 501704546
1057, SELECT 316
1105, INSERT 260, 1592801292
1123, SELECT 166
1144, SELECT 232
1156, INSERT 454, 316166069
1167, SELECT 254
1186, SELECT 128
1187, SELECT 362
1217, SELECT 252
1261, SELECT 299
1264, SELECT 334
1269, INSERT 45, 926988658
1303, INSERT 223, 342656070
1326, INSERT 8, 1053661945
1362, INSERT 123, 24612653
1387, INSERT 368, 1275305880
1415, SELECT 366
1463, SELECT 280
1510, INSERT 45, 466005289
1517, INSERT 211, 64203645
1560, INSERT 289, 1195460195
1576, INSERT 137, 644838398
1609, INSERT 386, 1040879503
1630, INSERT 53, 1702442114
1643, SELECT 269
1674, INSERT 230, 2091046763
1717, SELECT 70
1727, SELECT 174
1776, INSERT 68, 465669957
1810, INSERT 133, 1044792445
1824, INSERT 33, 1222328341
1870, INSERT 69, 1391786573
1880, INSERT 477, 496035827
1894, SELECT 257
1934, SELECT 219
1977, INSERT 50, 1857545156
1979, INSERT 249, 437308509
1988, SELECT 40
2019, SELECT 87
2034, SELECT 393
2071, SELECT 450
2113, INSERT 39, 217273387
2153, SELECT 38
2178, SELECT 69
2195, INSERT 265, 1089932963
2224, SELECT 156
2234, SELECT 319
2265, INSERT 111, 1977720495
2293, SELECT 153
2303, INSERT 9, 1946396889
2320, INSERT 200, 1179413816
2344, INSERT 291, 1718901274
2345, INSERT 416, 191091878
2363, SELECT 405
2367, SELECT 486
2393, INSERT 241, 1204360566
2413, INSERT 256, 1297861448
2420, INSERT 470, 303752250
2429, SELECT 94
2456, SELECT 77
2471, SELECT 246
2491, INSERT 279, 62597520
2526, SELECT 286
2550, INSERT 188, 1941997939
2595, SELECT 1
2621, SELECT 344
2631, SELECT 368
2650, INSERT 138, 322395762
2690, SELECT 364
2730, SELECT 131
2776, INSERT 454, 553716925
2781, INSERT 327, 292607160
2794, INSERT 136, 1488576382
2833, SELECT 155
2840, SELECT 357
2852, SELECT 343
2882, INSERT 387, 1998210712
2900, SELECT 462
2934, SELECT 18
2938, INSERT 299, 1758828560
2940, SELECT 56
2977, SELECT 488
3023, INSERT 295, 1846473272
3057, INSERT 16, 214675813
3098, INSERT 328, 23608388
3127, SELECT 300
3135, INSERT 2, 1906139577
3172, SELECT 366
3189, INSERT 338, 986255046
3206, SELECT 8
3241, SELECT
3290, INSERT 119, 520749057
3303, SELECT 105
3345, SELECT 114
3361, SELECT 476
3380, SELECT 117
3396, INSERT 428, 1102728036
3406, SELECT 382
3420, INSERT 319, 658149215
3459, SELECT 271
3505, INSERT 378, 69358697
3543, INSERT 196, 2113212463
3581, INSERT 182, 992431876
3603, SELECT 218
3614, SELECT 430
3624, SELECT 244
3638, INSERT 465, 1243781994
3644, INSERT 218, 1286085280
3655, INSERT 15, 605301859
3696, INSERT 237, 2007251362
3733, SELECT 468
3753, INSERT 159, 1476527377
3788, INSERT 43, 485594837
3790, SELECT 98
3793, INSERT 375, 1169681665
3816, SELECT 237
3857, SELECT 50
3885, INSERT 307, 1643214296
3890, SELECT 163
3938, INSERT 46, 361753084
3982, INSERT 437, 1948467024
3992, INSERT 285, 635850234
3993, SELECT 277
4028, SELECT 462
4077, INSERT 57, 1355693780
4120, INSERT 62, 905975134
4149, INSERT 67, 590565072
4189, INSERT 113, 2036575534
4198, SELECT 107
4244, SELECT 305
4254, SELECT 364
4257, INSERT 31, 344167732
4271, INSERT 164, 1481344041
4320, INSERT 150, 1457660750
4326, INSERT 160, 1871875979
4330, INSERT 248, 2124277070
4360, INSERT 189, 255580868
4374, INSERT 493, 66553397
4423, SELECT 458
4429, INSERT 181, 1131574567
4442, SELECT 301
4476, SELECT 357
4490, SELECT 243
4522, INSERT 267, 1927079431
4545, INSERT 60, 1685406266
4579, SELECT 6
4590, INSERT 345, 1058930327
4592, INSERT 278, 1547481301
4597, SELECT 49
4612, SELECT 35
4628, SELECT 156
4637, SELECT 294
4685, SELECT 6
4699, SELECT 157
4704, SELECT 193
4746, INSERT 345, 1924102585
4767, INSERT 197, 1833242902
4807, INSERT 300, 1196078915
4847, INSERT 231, 34438176
4853, SELECT 353
4898, INSERT 262, 1037726778
4944, SELECT 256
4991, INSERT 1, 665247168
5016, SELECT 431
5064, SELECT 394
5070, SELECT 265
5117, SELECT 113
5123, SELECT 266
5130, SELECT 371
5176, INSERT 487, 1859701377
5222, SELECT 250
5244, INSERT 27, 1906367759
5285, SELECT 82
5318, INSERT 301, 824450707
5334, SELECT 6
5351, INSERT 198, 251212489
5356, INSERT 85, 1751775346
5378, INSERT 465, 1643326954
5426, INSERT 427, 477823807
5457, INSERT 48, 1392654913
5499, INSERT 202, 1109223177
5538, INSERT 434, 171146378
5543, INSERT 214, 2014197006
5576, SELECT 358
5600, SELECT 482
5606, INSERT 222, 728292151
5639, INSERT 98, 1348245537
5649, INSERT 380, 48219242
5694, SELECT 7
5734, SELECT 21
5764, INSERT 366, 760407081
5767, SELECT 1
5792, INSERT 368, 1791503179
5835, INSERT 264, 1315461034
5878, INSERT 424, 1095265346
5920, INSERT 437, 1510073082
5937, INSERT 19, 1651439106
5977, SELECT 301
6000, INSERT 181, 62761195
6025, INSERT 142, 1451238916
6034, INSERT 60, 140117897
6066, SELECT 383
6084, SELECT 372
6086, SELECT 180
6097, INSERT 12, 1389053009
6144, INSERT 100, 2131531654
6156, INSERT 187, 1088455575
6194, INSERT 52, 1688329604
6233, INSERT 166, 1401437640
6239, SELECT 201
6252, INSERT 200, 546450408
6271, INSERT 285, 1375596684
6280, INSERT 407, 1026267182
6284, SELECT 422
6333, INSERT 416, 1092483653
6361, SELECT 433
6383, INSERT 482, 1847957515
6407, SELECT 202
6455, SELECT 339
6501, SELECT 36
6529, SELECT 384
6563, SELECT 71
6586, INSERT 329, 2126557240
6634, SELECT 311
6648, SELECT 10
6658, SELECT 315
6696, INSERT 254, 952208059
6709, INSERT 457, 99513592
6735, SELECT 409
6750, INSERT 91, 1750396900
6781, SELECT 498
6825, INSERT 213, 894947026
6863, SELECT 197
6870, SELECT 426
6899, SELECT
6913, INSERT 138, 1909946475
6933, SELECT 239
6944, SELECT 158
6947, INSERT 498, 836410033
6966, INSERT 78, 1603286932
6991, SELECT 336
7016, SELECT 455
7061, SELECT 119
7091, INSERT 453, 1496501921
7109, SELECT
7130, INSERT 386, 447485157
7170, SELECT 176
7173, INSERT 103, 1080686614
7201, INSERT 477, 1073762420
7216, INSERT 302, 855418527
7254, INSERT 350, 1212979302
7271, SELECT 356
7312, INSERT 149, 74939919
7334, INSERT 367, 1021740994
7371, SELECT 467
7374, INSERT 236, 1661006343
7409, INSERT 269, 1755401746
7441, SELECT 335
7478, SELECT 183
7506, INSERT 436, 637605754
7553, SELECT 300
7595, INSERT 31, 553752134
7629, INSERT 381, 1111734428
7666, SELECT 238
7695, SELECT 477
7743, SELECT 55
7784, SELECT 453
7787, INSERT 453, 1136286914
7832, SELECT 157
7870, SELECT 267
7886, INSERT 65, 360577673
7933, INSERT 463, 174622989
7942, SELECT 320
7960, SELECT 482
7993, INSERT 386, 449314390
8037, INSERT 99, 687497888
8066, INSERT 308, 1629071305
8100, INSERT 355, 1521860540
8149, INSERT 318, 1487774347
8191, SELECT 365
8226, INSERT 361, 640096829
8255, INSERT 89, 2108264465
8288, INSERT 324, 767421698
8293, SELECT 80
8297, SELECT 360
8321, INSERT 202, 311824591
8324, INSERT 324, 60472414
8338, SELECT 383
8351, INSERT 253, 1468124284
8373, SELECT 153
8376, SELECT 324
8395, INSERT 304, 572580630
8429, INSERT 305, 78050506
8444, INSERT 125, 1143815144
8484, SELECT 251
8515, INSERT 349, 69982171
8560, SELECT 29
8571, SELECT 89
8575, INSERT 332, 1816173366
8579, SELECT 347
8602, INSERT 177, 1731651221
8603, INSERT 232, 1754897460
8642, SELECT 427
8674, INSERT 345, 1942063112
8720, INSERT 370, 1085618228
8733, SELECT 354
8770, INSERT 482, 34860709
8808, INSERT 229, 87762136
8849, SELECT 118
8889, SELECT
8930, INSERT 143, 572735102
8942, INSERT 436, 1131579225
8983, SELECT 455
8984, INSERT 126, 957340700
9029, INSERT 322, 125942372
9058, INSERT 223, 100958619
9077, SELECT 16
9082, INSERT 226, 231906330
9085, INSERT 458, 188327272
9133, INSERT 402, 1352826134
9176, SELECT 209
9177, INSERT 225, 52856868
9205, INSERT 58, 1938693575
9213, SELECT 353
9261, INSERT 439, 1563415672
9273, SELECT 316
9281, SELECT 479
9286, INSERT 241, 1361821742
9312, INSERT 92, 1464186794
9361, INSERT 19, 1916326776
9365, SELECT 494
9370, SELECT 104
9401, INSERT 58, 1549864766
9421, INSERT 197, 71257681
9445, INSERT 138, 764031476
9476, INSERT 462, 868550920
9507, INSERT 187, 289443382
9539, SELECT 470
9549, SELECT 206
9568, INSERT 273, 1270942011
9603, SELECT 445
9606, SELECT 225
9637, INSERT 102, 1048731637
9674, SELECT 286
9718, INSERT 182, 1295414828
9727, SELECT 438
9751, INSERT 259, 894441327
9772, SELECT 18
9819, SELECT 483
9827, INSERT 178, 1852319013
9840, SELECT 248
9867, INSERT 94, 1116646701
9903, INSERT 258, 678595823
9907, SELECT 436
9912, INSERT 201, 1867707329
9924, SELECT 318
9949, INSERT 268, 146582325
9951, INSERT 209, 1853070822
9986, SELECT 126
10002, INSERT 168, 548686450
10051, SELECT 161
10074, INSERT 481, 14103794
10088, SELECT 346
10119, INSERT 309, 941689667
10163, SELECT
10182, SELECT 248
10203, SELECT 306
10231, SELECT 282
10233, INSERT 74, 1892710675
10245, INSERT 357, 373011249
10253, INSERT 265, 1715987129
10265, INSERT 363, 501393350
10276, SELECT 183
10298, INSERT 482, 1204023117
10341, SELECT 325
10381, SELECT 206
10387, INSERT 412, 1220596843
10411, SELECT 159
10420, SELECT 83
10429, INSERT 131, 2126766644
10476, INSERT 199, 1478321168
10510, SELECT 491
10518, SELECT
10555, SELECT 182
10576, SELECT 345
10577, SELECT 376
10607, SELECT 98
10643, INSERT 398, 852282372
10670, INSERT 140, 1518609444
10689, INSERT 352, 1574287459
10705, INSERT 420, 877639931
10749, SELECT 235
10755, INSERT 211, 764436719
10758, SELECT 191
10797, SELECT 91
10802, SELECT 387
10820, INSERT 233, 1077529442
10848, INSERT 488, 212249583
10854, INSERT 189, 1991865341
10892, SELECT 6
10935, INSERT 45, 834502779
10974, INSERT 175, 1970543126
11023, SELECT 358
11050, SELECT 358
11084, INSERT 23, 1510952232
11091, INSERT 452, 1611736560
11109, INSERT 124, 1421260334
11122, INSERT 308, 78672346
11162, SELECT 483
11187, INSERT 495, 1978820683
11229, SELECT 334
11251, INSERT 282, 1257316969
11288, SELECT 349
11323, INSERT 442, 1582069780
11334, INSERT 13, 985835567
11344, SELECT 335
11358, SELECT 377
11369, SELECT 330
11373, INSERT 431, 1243291401
11404, INSERT 157, 219726539
11442, SELECT 295
11446, SELECT 328
11490, SELECT 82
11539, SELECT 75
11583, SELECT 275
11601, SELECT 29
11624, SELECT 289
11639, INSERT 56, 2101565197
11641, SELECT 264
11679, INSERT 299, 784055526
11707, INSERT 430, 1362120761
11753, INSERT 334, 1162094211
11773, SELECT 391
11815, SELECT 475
11830, SELECT 242
11845, SELECT 293
11868, SELECT 33
11909, INSERT 192, 1731484699
11921, INSERT 499, 222154024
11968, SELECT 201
12014, INSERT 91, 1241326139
12044, INSERT 63, 560583295
12053, SELECT 450
12099, INSERT 37, 1711334299
12143, INSERT 86, 338003334
12188, SELECT 97
12205, SELECT 414
12243, SELECT
12270, SELECT 282
12281, SELECT 488
12288, SELECT 445
12293, SELECT 435
12300, SELECT 110
12333, SELECT 247
12349, INSERT 493, 538611506
12385, SELECT 248
12411, SELECT 83
