0, INSERT 1618, 1882594830
44, SELECT 1577
70, INSERT 509, 790384780
119, SELECT 943
151, SELECT 603
194, SELECT 1450
213, SELECT 1008
261, SELECT 1282
284, SELECT 403
311, INSERT 1138, 546200183
319, INSERT 198, 488357617
322, INSERT 1296, 1182024659
334, SELECT 1681
338, INSERT 1247, 184968319
348, INSERT 995, 455144750
361, SELECT 1524
363, SELECT 775
365, SELECT 578
380, INSERT 310, 1015734593
414, SELECT 70
415, SELECT 69
425, SELECT 827
473, SELECT 903
515, INSERT 4, 964482997
543, INSERT 374, 950444739
564, INSERT 1019, 1554693558
565, INSERT 1100, 1597490508
609, INSERT 789, 1219794576
630, INSERT 389, 1052263413
651, SELECT 977
654, SELECT 671
680, INSERT 865, 2004278495
697, SELECT 708
719, INSERT 1216, 1624120770
732, SELECT 1881
733, SELECT 1653
749, INSERT 74, 847226909
757, SELECT 1577
796, SELECT 1849
838, INSERT 421, 1112052631
879, SELECT 351
892, INSERT 239, 404364455
934, INSERT 475, 1896743730
971, SELECT 449
1019, SELECT 165
1041, INSERT 1541, 1752618236
1075, INSERT 1153, 1610481227
1116, SELECT 156
1133, SELECT 768
1153, INSERT 1159, 578618515
1169, SELECT 1448
1183, INSERT 80, 342208159
1194, INSERT 1907, 574738781
1202, INSERT 141, 1701264846
1244, SELECT 263
1267, INSERT 714, 365955973
1294, INSERT 1098, 502269838
1319, INSERT 1635, 1320879447
1320, SELECT 1196
1345, INSERT 1083, 1176400388
1349, INSERT 1079, 1419515173
1385, SELECT 412
1407, INSERT 1076, 1734565176
1450, INSERT 1611, 2020048351
1475, INSERT 382, 247547186
1504, SELECT 213
1522, INSERT 528, 839550652
1540, INSERT 589, 1716783060
1543, SELECT 92
1584, SELECT 1790
1596, INSERT 1579, 407603317
1624, INSERT 1499, 1192662149
1671, SELECT 255
1713, INSERT 1918, 577145731
1751, INSERT 617, 839824058
1770, SELECT 1943
1772, SELECT 1844
1792, SELECT 1591
1838, INSERT 1773, 527180954
1839, INSERT 1082, 735083531
1868, SELECT 1048
1886, INSERT 1888, 1356091586
1935, SELECT 794
1954, INSERT 1043, 1478861038
1979, SELECT 1653
1992, SELECT 383
2028, INSERT 396, 1201305061
2055, SELECT 608
2099, SELECT 1329
2104, INSERT 1211, 1839185321
2143, INSERT 1877, 1293939932
2167, SELECT 1759
2205, INSERT 1505, 424754664
2220, SELECT 1522
2247, INSERT 1605, 118873159
2295, INSERT 183, 579166691
2322, SELECT 842
2335, SELECT 333
2346, INSERT 63, 304310907
2390, SELECT 16
2435, INSERT 1570, 733117269
2483, INSERT 18, 380044918
2527, INSERT 240, 1829044341
2553, SELECT 820
2555, SELECT 1005
2566, SELECT 1834
2596, SELECT 1970
2630, SELECT 1964
2657, SELECT 1301
2687, SELECT 962
2735, INSERT 1073, 442655070
2772, SELECT 1325
2793, SELECT 439
2818, INSERT 1602, 1964577913
2852, SELECT 750
2856, INSERT 988, 2026678571
2865, INSERT 632, 1564401357
2885, INSERT 1621, 592539626
2903, SELECT 1756
2926, INSERT 360, 1873390317
2973, INSERT 1126, 131056386
3014, SELECT 649
3063, INSERT 1930, 1571300920
3064, SELECT 1886
3105, SELECT 1198
3126, SELECT 371
3166, SELECT 1818
3200, SELECT 517
3234, SELECT 1494
3257, INSERT 237, 1107808376
3289, SELECT 317
3303, INSERT 514, 916974143
3312, SELECT 1714
3332, SELECT 54
3335, INSERT 499, 2117285533
3374, SELECT 141
3412, SELECT 317
3437, SELECT 802
3461, SELECT 858
3470, INSERT 1829, 1572422891
3499, INSERT 1469, 175760569
3543, SELECT 214
3563, INSERT 1380, 179109646
3572, INSERT 1444, 155970427
3589, SELECT 1129
3591, INSERT 1852, 1096524401
3597, SELECT 1735
3628, INSERT 1694, 2040262293
3651, SELECT 723
3693, SELECT 333
3735, SELECT 191
3783, INSERT 436, 734641040
3823, SELECT 1032
3859, INSERT 1394, 1038446986
3884, INSERT 1943, 508229584
3896, INSERT 951, 826853247
3924, SELECT 1331
3960, INSERT 459, 1658231195
3984, INSERT 1455, 210804534
4002, SELECT 1421
4023, INSERT 136, 1621691519
4069, INSERT 455, 240792759
4110, SELECT 1236
4140, SELECT 1669
4163, INSERT 1075, 500656150
4202, SELECT 878
4234, INSERT 88, 1082196443
4265, SELECT 1351
4299, INSERT 1624, 396214857
4345, SELECT 453
4371, SELECT 1616
4396, SELECT 1033
4410, SELECT 1962
4425, INSERT 1864, 1871933726
4446, SELECT 1237
4461, SELECT 442
4500, INSERT 1862, 720692498
4507, SELECT 1481
4552, INSERT 1441, 578485465
4587, SELECT 70
4594, SELECT 1459
4642, INSERT 767, 822972744
4659, SELECT 610
4689, SELECT 1576
4690, SELECT 649
4724, SELECT 1038
4773, SELECT 1962
4802, SELECT 1243
4837, INSERT 956, 1632065904
4862, SELECT 1257
4902, SELECT
4912, SELECT 258
4917, INSERT 1864, 536844489
4922, SELECT 710
4937, INSERT 1416, 1583666363
4941, INSERT 804, 1717980310
4974, SELECT 1221
5001, INSERT 359, 626638799
5014, INSERT 790, 1134905809
5021, SELECT 1039
5041, SELECT 1219
5073, INSERT 161, 1804482097
5078, SELECT 1214
5117, INSERT 385, 1157533676
5137, SELECT 851
5180, SELECT 1460
5190, SELECT 1437
5209, INSERT 446, 1004876759
5258, INSERT 681, 642775681
5264, SELECT 505
5299, INSERT 1051, 1762171230
5308, SELECT 474
5317, SELECT 767
5342, SELECT 823
5351, INSERT 835, 21907427
5372, INSERT 908, 8147053
5397, SELECT 1199
5431, SELECT 1202
5461, INSERT 1459, 1219041518
5484, SELECT 1238
5491, SELECT 1059
5538, SELECT 468
5565, SELECT 1714
5584, INSERT 1659, 717214000
5626, SELECT 934
5673, SELECT 556
5694, SELECT 806
5695, INSERT 1905, 872961821
5730, SELECT 1339
5770, SELECT 1311
5806, INSERT 134, 1616603073
5844, SELECT 919
5857, INSERT 1452, 2013067513
5879, INSERT 1345, 500876280
5889, INSERT 208, 887173297
5892, SELECT 887
5940, SELECT 1151
5954, INSERT 1039, 1969650792
5977, SELECT 1108
6018, SELECT 1704
6034, INSERT 289, 1333533501
6052, INSERT 1924, 1312383983
6059, SELECT 1090
6100, SELECT 320
6109, SELECT 108
6130, SELECT 197
6173, SELECT 1547
6191, INSERT 793, 846638420
6229, INSERT 212, 1565275412
6250, SELECT 1922
6287, SELECT 1252
6321, SELECT 1641
6325, SELECT 426
6327, INSERT 876, 1410273154
6334, INSERT 1489, 1188727874
6361, INSERT 517, 16251037
6373, INSERT 1566, 1219834476
6400, SELECT 1157
6427, SELECT 1730
6437, SELECT 1803
6472, SELECT 1556
6509, INSERT 735, 663892344
6549, INSERT 1195, 820371261
6591, SELECT 1131
6606, INSERT 765, 1308260621
6616, SELECT 392
6658, SELECT 421
6666, SELECT 1126
6698, SELECT 1780
6722, INSERT 536, 128890841
6757, INSERT 1508, 190626889
6771, INSERT 1453, 29628910
6791, SELECT 1516
6801, SELECT 365
6820, SELECT 1876
6846, INSERT 313, 516326427
6895, INSERT 1493, 18674946
6929, SELECT 1618
6938, INSERT 1797, 1541081815
6976, INSERT 1842, 1055753662
6980, SELECT 835
7029, SELECT 1666
7036, SELECT 1948
7063, INSERT 1096, 1188822882
7079, SELECT 480
7109, SELECT 1736
7141, SELECT 1725
7186, SELECT 352
7215, INSERT 1729, 1833646380
7232, SELECT 590
7265, SELECT 54
7266, INSERT 529, 1812625764
7304, INSERT 800, 559979842
7309, SELECT 711
7326, SELECT 462
7332, SELECT 279
7345, INSERT 773, 212923996
7368, SELECT 1157
7382, SELECT 1379
7424, INSERT 1719, 1169432102
7449, SELECT 1115
7479, INSERT 156, 1947117883
7507, SELECT 793
7555, INSERT 363, 303027393
7604, SELECT 1328
7640, INSERT 757, 171461315
7647, SELECT 595
7652, INSERT 1027, 64508030
7657, INSERT 1459, 801571960
7678, INSERT 1095, 222118631
7692, INSERT 1085, 2053937227
7701, SELECT 519
7732, INSERT 1412, 227788431
7758, INSERT 1646, 721219469
7776, INSERT 847, 1654971848
7784, SELECT 715
7833, INSERT 621, 1615911485
7847, SELECT 1222
7857, SELECT 482
7888, INSERT 1817, 688052932
7899, SELECT 1308
7924, INSERT 1012, 1912250870
7944, INSERT 23, 899414309
7991, SELECT 970
8024, INSERT 1922, 1454554714
8049, SELECT 1620
8085, INSERT 1835, 1826564957
8125, SELECT 1878
8130, INSERT 1108, 918712630
8135, INSERT 1730, 1262400964
8184, INSERT 710, 1907721824
8224, INSERT 1324, 883663914
8260, SELECT 876
8283, INSERT 1634, 780702362
8320, SELECT 794
8345, SELECT 1629
8379, INSERT 638, 1815457351
8390, SELECT 1029
8406, INSERT 1380, 177379778
8431, INSERT 26, 931606612
8453, SELECT 1767
8454, INSERT 955, 1863597012
8469, INSERT 1350, 498836652
8481, INSERT 195, 711658249
8498, SELECT 1448
8546, SELECT 419
8572, INSERT 237, 188857647
8599, SELECT 1326
8641, INSERT 1928, 2112530217
8668, INSERT 1606, 873383410
8698, INSERT 1119, 68654597
8740, INSERT 568, 1827774750
8754, INSERT 1511, 2056561677
8798, INSERT 916, 1322319713
8814, SELECT 1911
8822, INSERT 652, 1183473300
8838, INSERT 753, 1587129816
8863, INSERT 1597, 251896139
8900, SELECT 1048
8913, INSERT 734, 810707383
8951, INSERT 1625, 392444941
8999, SELECT 1133
9001, INSERT 1332, 1329785618
9043, SELECT 409
9050, INSERT 1414, 1782967527
9088, SELECT 321
9116, SELECT 162
9124, SELECT 321
9151, SELECT 1774
9180, INSERT 1143, 895148996
9192, SELECT 310
9214, INSERT 524, 1909921363
9241, SELECT 498
9264, SELECT 453
9310, SELECT 681
9344, SELECT 198
9393, SELECT 1756
9426, INSERT 1254, 2108192482
9448, INSERT 1198, 2072451580
9490, INSERT 1426, 817335225
9509, INSERT 1063, 503577078
9536, INSERT 1421, 20158475
9555, SELECT 1851
9581, INSERT 1459, 1139741293
9601, SELECT 1884
9607, INSERT 451, 398032522
9622, INSERT 1625, 342781841
9668, SELECT 1457
9714, INSERT 1929, 764303057
9723, INSERT 1128, 1892523641
9762, INSERT 1006, 1516199882
9782, SELECT 410
9810, INSERT 1123, 500011443
9812, SELECT 1983
9818, INSERT 1873, 253574179
9833, SELECT 1474
9861, INSERT 1974, 598702080
9875, INSERT 725, 495239208
9878, INSERT 293, 92316141
9922, SELECT 1192
9969, SELECT 1737
9973, INSERT 1403, 359695313
10021, SELECT 1643
10033, INSERT 1169, 524117299
10082, SELECT 318
10118, INSERT 1877, 401710658
10153, INSERT 380, 1596205213
10184, INSERT 222, 1257721579
10212, INSERT 323, 1479868643
10259, INSERT 1323, 893247350
10286, SELECT 587
10293, SELECT 1193
10328, SELECT 229
10347, SELECT 1548
10380, INSERT 325, 1597736989
10428, SELECT 1473
10471, SELECT 1791
10485, SELECT 1577
10491, SELECT 1789
10534, SELECT 330
10551, SELECT 1442
10560, SELECT 1858
10583, INSERT 41, 1160181443
10585, SELECT 1155
10599, SELECT 917
10613, INSERT 624, 1724717637
10643, INSERT 21, 1426572386
10644, SELECT 46
10662, SELECT 740
10707, SELECT 1730
10730, INSERT 874, 1925589606
10773, SELECT 372
10787, INSERT 1236, 638674658
10798, SELECT 475
10812, INSERT 221, 1969284125
10861, SELECT 942
10885, SELECT 85
10911, INSERT 1327, 975939288
10912, SELECT 1887
10945, INSERT 1856, 1845156921
10971, SELECT 1922
10990, SELECT 1485
10996, INSERT 177, 1444700089
11031, SELECT 1851
11052, SELECT 1755
11080, SELECT 372
11099, INSERT 561, 1386723913
11129, SELECT 1731
11145, INSERT 805, 346522552
11152, SELECT 1757
11162, INSERT 1864, 731667212
11211, SELECT 753
11245, INSERT 1065, 1492882062
11246, INSERT 599, 1736965354
11254, INSERT 1160, 439614842
11270, INSERT 265, 359230173
11300, INSERT 718, 987908286
11312, SELECT 899
11355, SELECT 220
11393, INSERT 386, 838333696
11414, SELECT 1080
11435, SELECT 526
11482, SELECT
11528, INSERT 1795, 1189746018
11530, INSERT 1529, 1603665897
11568, SELECT 277
11616, INSERT 165, 1784574213
11640, INSERT 379, 75838741
11680, INSERT 379, 1683225837
11701, INSERT 1184, 1624963804
11736, INSERT 192, 1091925149
11768, SELECT 137
11816, SELECT 1586
11817, SELECT 1517
11824, SELECT 511
11841, INSERT 784, 1941031308
11879, SELECT 1826
11889, INSERT 266, 1750357774
11925, INSERT 67, 879587374
11952, SELECT 529
11974, INSERT 1728, 1054312722
12008, INSERT 53, 485053704
12038, INSERT 1292, 1407331788
12049, INSERT 857, 1424829694
12097, INSERT 1493, 183579227
12122, SELECT 1705
12164, SELECT 1
12192, INSERT 447, 779947465
12206, SELECT 627
12216, SELECT 730
12243, SELECT 1521
12266, INSERT 1192, 832769167
12295, INSERT 882, 735276141
12297, INSERT 1515, 1048616448
12304, INSERT 1290, 1795310758
12321, INSERT 1342, 1248322981
12332, INSERT 770, 1064573578
12358, INSERT 956, 144578751
12406, INSERT 1107, 1147352792
12437, INSERT 770, 789986077
12450, SELECT 369
12479, SELECT 1721
12527, INSERT 352, 373160888
12540, INSERT 76, 1086015917
12555, SELECT 369
12560, INSERT 1754, 996352387
12604, INSERT 727, 1389123635
12646, INSERT 1730, 45803504
12677, INSERT 1156, 1386952218
12707, INSERT 18, 698622025
12754, SELECT 345
12801, INSERT 1622, 1290582032
12818, INSERT 465, 1902280209
12846, INSERT 549, 338589045
12886, SELECT 396
12912, SELECT
12949, INSERT 309, 1175339690
12997, SELECT 1801
13037, SELECT 474
13065, SELECT 1049
13094, SELECT 608
13134, SELECT 918
13155, INSERT 840, 1808016126
13187, INSERT 1621, 1733876695
13200, SELECT 1400
13239, SELECT 1602
13286, INSERT 836, 338789748
13303, SELECT 1174
13308, INSERT 1410, 1365340844
13346, INSERT 394, 1614417058
13371, SELECT 1953
13390, SELECT 1240
13435, INSERT 1956, 105831508
13474, INSERT 1481, 1783283187
13510, SELECT 1321
13539, SELECT 926
13554, SELECT 430
13578, INSERT 104, 1878962181
13594, INSERT 413, 190347442
13626, SELECT 799
13670, SELECT 1823
13719, SELECT 188
13753, SELECT 1587
13755, SELECT 1342
13783, SELECT 1093
13823, INSERT 262, 1593865632
13842, INSERT 1453, 1602410550
13882, SELECT 1748
13909, SELECT 1547
13938, INSERT 957, 1372550391
13940, SELECT 1228
13954, INSERT 1688, 1688017929
13996, SELECT 1957
14005, SELECT 1710
14038, INSERT 1085, 1893374514
14084, INSERT 592, 85137925
14118, INSERT 508, 165169029
14156, INSERT 180, 762790582
14165, INSERT 1037, 341652931
14191, SELECT 221
14204, SELECT 524
14211, INSERT 1398, 1427047261
14229, SELECT 165
14262, SELECT 1937
14280, INSERT 1868, 511942822
14281, SELECT
14304, INSERT 328, 1717373197
14311, INSERT 866, 730142476
14319, INSERT 863, 1337571452
14368, INSERT 68, 1947328218
14391, INSERT 1179, 1536184985
14433, INSERT 14, 1468207427
14462, INSERT 1100, 1732881892
14464, SELECT 213
14489, SELECT 1633
14537, INSERT 1130, 661754874
14583, SELECT 114
14595, SELECT 1599
14611, SELECT 1813
14632, INSERT 319, 325699342
14654, INSERT 435, 1721521725
14694, SELECT 1134
14733, INSERT 262, 139850452
14769, INSERT 1875, 104215177
14807, INSERT 1573, 611876161
14824, SELECT 1215
14854, SELECT 909
14860, INSERT 1384, 943648598
14898, INSERT 758, 1049025247
14908, SELECT 604
14921, INSERT 531, 1964708501
14963, SELECT 201
14995, INSERT 280, 285694057
15008, SELECT 975
15010, SELECT 111
15017, SELECT 926
15048, SELECT 884
15090, INSERT 1700, 5670362
15129, INSERT 42, 2044583001
15163, SELECT 1914
15197, INSERT 1631, 1487187341
15207, SELECT 1777
15231, SELECT 1175
15260, INSERT 330, 879701443
15306, SELECT 301
15324, SELECT 378
15352, INSERT 706, 1676306452
15394, SELECT 1014
15436, INSERT 750, 1608976468
15438, SELECT 146
15464, INSERT 1928, 2032972299
15513, INSERT 856, 716393642
15529, SELECT
15573, INSERT 1228, 1295585539
15576, INSERT 1252, 262032169
15579, INSERT 787, 75669576
15610, INSERT 1889, 1594274592
15627, INSERT 831, 797687294
15636, SELECT 1266
15683, SELECT 384
15699, SELECT
15722, INSERT 1683, 1979624605
15735, INSERT 1258, 691291198
15766, INSERT 1278, 484977689
15809, INSERT 754, 739300600
15852, INSERT 1040, 186010980
15865, SELECT 1682
15883, INSERT 1962, 1421067264
15903, SELECT 1628
15920, INSERT 1865, 1703589671
15959, INSERT 1367, 1097360907
15994, SELECT 1919
16021, INSERT 683, 1093098008
16049, INSERT 914, 298999029
16088, SELECT 1114
16089, INSERT 1133, 479187777
16102, SELECT 1630
16150, SELECT 1362
16160, SELECT 1385
16179, INSERT 747, 1103119172
16185, INSERT 611, 116682975
16220, INSERT 194, 152791168
16238, INSERT 52, 1542878495
16260, INSERT 1583, 1671291826
16290, INSERT 521, 1600527312
16331, SELECT 1420
16352, SELECT 1961
16389, SELECT 1557
16402, INSERT 890, 1548201244
16437, SELECT 1556
16480, SELECT 1365
16520, INSERT 504, 1752817758
16559, SELECT 1816
16596, SELECT 270
16611, SELECT 70
16619, INSERT 636, 1260977786
16645, INSERT 939, 398256361
16691, INSERT 167, 186553867
16737, INSERT 1750, 2053898937
16763, INSERT 1822, 535697041
16783, SELECT 1931
16816, SELECT 1239
16843, INSERT 844, 211821001
16886, INSERT 1247, 1618883612
16913, SELECT 1102
16948, INSERT 1772, 1549156998
16983, INSERT 1949, 571958054
17020, SELECT 1998
17054, INSERT 1254, 1402473597
17100, INSERT 1832, 1422433981
17111, SELECT 1239
17143, SELECT 883
17186, INSERT 827, 1368521213
17193, INSERT 1105, 732439124
17224, INSERT 524, 1426559812
17268, SELECT 1613
17302, INSERT 828, 1041408292
17345, SELECT 380
17393, INSERT 668, 1817960996
17414, INSERT 145, 1542445054
17453, SELECT 1264
17469, SELECT 649
17510, INSERT 76, 988319985
17515, INSERT 1549, 974000657
17564, SELECT 451
17592, SELECT 1774
17607, INSERT 1354, 1387532759
17609, SELECT 696
17629, SELECT 709
17647, INSERT 960, 1511511189
17675, INSERT 1297, 1241224848
17721, INSERT 199, 1520392336
17757, SELECT 1193
17774, SELECT 131
17821, SELECT 205
17837, INSERT 597, 278529974
17856, SELECT 1093
17875, INSERT 195, 1609399169
17893, INSERT 1321, 1033956855
17897, SELECT 1857
17904, SELECT 290
17946, INSERT 25, 1175310388
17966, SELECT 1669
18010, INSERT 793, 759203682
18049, SELECT 485
18064, SELECT 602
18103, INSERT 490, 232453802
18113, SELECT 1912
18141, INSERT 1958, 725481013
18156, INSERT 572, 124003193
18190, SELECT 1153
18191, INSERT 1705, 2091233380
18232, INSERT 1381, 1202470592
18271, SELECT 1140
18303, SELECT 1459
18307, SELECT 1461
18348, INSERT 537, 1049135429
18368, INSERT 134, 1367664120
18380, INSERT 1130, 1679118242
18400, SELECT 1039
18413, INSERT 555, 1889155838
18461, INSERT 322, 1834956517
18500, INSERT 1390, 1422008020
18539, SELECT 1546
18547, INSERT 1516, 1239588453
18596, INSERT 1151, 1657563067
18608, INSERT 654, 1392736624
18616, SELECT 1785
18633, SELECT 1598
18664, INSERT 1511, 840545251
18678, INSERT 1417, 2124673984
18696, INSERT 1691, 1452509591
18704, SELECT 1968
18753, SELECT 1793
18788, SELECT 1841
18793, SELECT 1865
18805, SELECT 1897
18810, INSERT 292, 1453670074
18843, INSERT 590, 1246070488
18876, SELECT 1669
18887, SELECT 709
18898, INSERT 1802, 1374262020
18914, SELECT 242
18956, SELECT 1538
18991, SELECT 1122
18996, SELECT 1942
19028, SELECT 1248
19049, SELECT 219
19054, SELECT 897
19056, INSERT 1420, 125562072
19101, SELECT 1031
19106, INSERT 1671, 1778332214
19110, SELECT 1758
19152, SELECT 623
19156, SELECT 550
19199, INSERT 463, 799655472
19216, SELECT 71
19223, SELECT 705
19227, SELECT 814
19241, INSERT 1772, 1331714556
19247, INSERT 1098, 1895298764
19251, INSERT 542, 538886641
19254, INSERT 773, 1085806880
19286, INSERT 392, 1340575271
19308, INSERT 371, 196977151
19309, SELECT 464
19348, SELECT 298
19358, INSERT 91, 2123603417
19389, INSERT 328, 793333998
19425, INSERT 602, 2077955720
19461, SELECT 1442
19484, INSERT 1416, 1354762437
19509, INSERT 1920, 14842597
19553, SELECT 622
19592, INSERT 205, 1180706841
19619, INSERT 129, 1536917045
19637, INSERT 1748, 1193263304
19651, SELECT 196
19698, INSERT 739, 492754832
19739, SELECT 1078
19779, INSERT 1312, 322382120
19798, INSERT 202, 1797175343
19822, SELECT 821
19835, SELECT 1199
19870, INSERT 732, 124194462
19888, INSERT 720, 1430761478
19895, SELECT 1339
19916, INSERT 980, 1724587716
19943, SELECT 732
19966, SELECT 632
19981, INSERT 169, 896333815
19993, INSERT 1703, 442282191
20033, SELECT 1114
20064, SELECT 1320
20105, SELECT
20131, SELECT 824
20136, INSERT 1558, 1869787541
20170, INSERT 104, 287115572
20209, SELECT 1522
20226, INSERT 1885, 905521622
20259, INSERT 1686, 1869134372
20292, SELECT 370
20333, INSERT 153, 1167859122
20357, SELECT 653
20400, SELECT
20403, INSERT 1229, 363360807
20413, SELECT 1456
20444, SELECT 1688
20474, SELECT 713
20499, INSERT 1122, 1626342756
20510, INSERT 1187, 105481056
20525, SELECT 1315
20569, INSERT 1446, 1924336861
20604, INSERT 1777, 2053473315
20606, SELECT 247
20607, INSERT 607, 1325603140
20650, SELECT 1328
20695, SELECT 361
20710, SELECT 1248
20753, SELECT 506
20765, SELECT 1034
20807, INSERT 280, 1133617762
20856, SELECT 1333
20881, INSERT 1477, 163548354
20888, SELECT 1491
20911, SELECT 684
20951, SELECT 1671
20965, INSERT 169, 1015810386
21013, INSERT 1770, 84946211
21028, SELECT 1605
21048, SELECT 591
21060, SELECT 1731
21067, SELECT 1789
21086, INSERT 1599, 845895242
21098, INSERT 1427, 649820025
21121, INSERT 502, 1560003889
21147, SELECT 190
21175, SELECT 680
21186, INSERT 678, 1068362068
21195, INSERT 225, 347179782
21237, SELECT 1129
21275, INSERT 184, 1788363330
21305, INSERT 1620, 1723717083
21309, INSERT 666, 219066478
21344, SELECT 769
21391, SELECT 859
21437, INSERT 1381, 2143505478
21476, INSERT 446, 1665709209
21495, SELECT 1485
21525, SELECT 674
21562, SELECT 121
21606, SELECT 1468
21609, INSERT 1585, 480551508
21643, SELECT 526
21664, INSERT 1258, 1310134219
21689, INSERT 81, 637544769
21703, INSERT 836, 1117399565
21705, SELECT 36
21754, INSERT 1264, 147903679
21759, INSERT 1080, 2065246261
21803, SELECT 1109
21828, SELECT 1313
21845, INSERT 659, 686638394
21848, INSERT 1676, 1413879099
21889, INSERT 1584, 1834903397
21917, SELECT 916
21953, SELECT 507
21958, INSERT 334, 343619220
21995, SELECT 1085
22003, INSERT 1574, 577914757
22050, SELECT 1676
22063, INSERT 1920, 1371167870
22093, SELECT 1793
22116, SELECT 283
22128, INSERT 1643, 1578669352
22166, SELECT 350
22167, INSERT 1165, 838386668
22198, INSERT 1026, 736238985
22219, SELECT 1587
22247, SELECT 1095
22287, SELECT 244
22332, INSERT 1398, 109544913
22345, SELECT 1308
22378, INSERT 1011, 229219671
22388, INSERT 1643, 196623203
22418, SELECT
22433, INSERT 1793, 1040884683
22479, SELECT 1170
22498, INSERT 548, 1977894581
22507, INSERT 877, 561108373
22544, INSERT 1063, 277411863
22547, SELECT 1356
22565, INSERT 1607, 1273476386
22592, INSERT 210, 2029916008
22604, SELECT 1323
22605, SELECT 551
22637, SELECT 721
22657, INSERT 680, 1997324534
22695, SELECT 1242
22699, INSERT 1921, 646349662
22729, INSERT 249, 1975640867
22777, INSERT 88, 685301581
22787, INSERT 1353, 1241735311
22827, SELECT 1919
22862, INSERT 960, 120281115
22866, INSERT 576, 490933791
22900, SELECT 1573
22948, INSERT 1749, 1725183186
22979, INSERT 120, 1715554021
23012, SELECT 1259
23059, SELECT 122
23082, SELECT 1969
23107, INSERT 1826, 1749065809
23155, SELECT 206
23201, SELECT 195
23211, INSERT 686, 1512380501
23234, SELECT 1504
23270, INSERT 596, 1859642665
23317, SELECT 921
23333, INSERT 1548, 1965746983
23371, SELECT 1719
23399, INSERT 1685, 1551521040
23440, SELECT 1529
23470, INSERT 882, 1485934256
23483, INSERT 1213, 1247039380
23523, INSERT 535, 139779771
23564, INSERT 1724, 236796886
23604, SELECT 1405
23610, INSERT 680, 735392302
23659, INSERT 266, 846698360
23661, INSERT 1844, 1632842554
23690, SELECT 1492
23711, INSERT 391, 1843063577
23742, INSERT 209, 845927573
23771, INSERT 83, 1124303371
23781, SELECT 118
23790, INSERT 1285, 584240347
23833, INSERT 1422, 1678252324
23850, INSERT 1099, 1249578299
23872, SELECT 568
23911, INSERT 1402, 822353918
23940, SELECT 1856
23951, SELECT 1537
23973, SELECT 596
23988, SELECT 821
24032, SELECT 619
24067, INSERT 1047, 876736017
24099, SELECT 141
24135, SELECT 163
24137, SELECT 522
24142, SELECT 1838
24159, SELECT 1449
24160, INSERT 555, 1242389583
24206, INSERT 787, 1688437896
24218, INSERT 1359, 344879090
24238, SELECT 1399
24287, SELECT 1369
24330, INSERT 534, 1636875672
24349, INSERT 654, 378135097
24396, SELECT 1521
24400, SELECT 784
24413, INSERT 287, 1384934400
24431, SELECT 1279
24474, INSERT 1732, 879179737
24496, INSERT 1851, 1376982632
24540, SELECT 1803
24589, SELECT 1215
24626, INSERT 1682, 589437809
24647, SELECT 1191
24661, SELECT 1239
24688, INSERT 642, 1955286109
24702, SELECT 109
24725, SELECT 1190
24727, INSERT 1728, 901840308
24774, INSERT 815, 1566314860
24783, SELECT 292
24789, SELECT 1887
24801, INSERT 255, 1154832725
24845, INSERT 183, 1064683206
24862, SELECT 713
24893, INSERT 309, 1789173546
24917, INSERT 478, 177134287
24920, SELECT 1582
24944, SELECT 27
24969, INSERT 1590, 1494665548
24989, SELECT 365
25028, INSERT 1400, 1567321677
25040, INSERT 172, 2135510997
25082, INSERT 227, 61038003
25101, INSERT 1348, 1867426986
25118, INSERT 1777, 1228777485
25149, INSERT 106, 364003953
25192, INSERT 1977, 340859373
25200, SELECT 1318
25217, SELECT 526
25244, SELECT 1372
25273, SELECT 865
25303, INSERT 1263, 957985377
25328, SELECT 527
25332, INSERT 1134, 974332560
25340, SELECT 328
25359, SELECT 1838
25364, INSERT 1399, 880531525
25365, INSERT 648, 1769006600
25380, INSERT 1985, 2052619714
25400, SELECT 883
25422, SELECT 452
25451, SELECT 168
25471, SELECT 28
25503, SELECT 1304
25544, INSERT 667, 337586474
25580, INSERT 856, 192242308
25610, SELECT 1729
25623, SELECT 1068
25671, INSERT 1436, 1796907242
25685, SELECT 822
25728, SELECT
25750, INSERT 619, 397062981
25781, SELECT 276
25800, INSERT 801, 1554203073
25811, INSERT 1137, 1342566806
25813, SELECT 1665
25852, SELECT 82
25863, SELECT 765
25873, SELECT 589
25879, INSERT 1999, 1689798781
25894, INSERT 676, 2080523178
25939, INSERT 1327, 531398218
25968, SELECT 1444
26003, SELECT 1372
26010, SELECT 1781
26046, INSERT 1949, 1433562358
26067, SELECT 1435
26085, INSERT 1241, 17094609
26091, SELECT 1361
26110, SELECT 640
26153, INSERT 937, 1085897510
26176, SELECT 421
26194, INSERT 317, 688589724
26195, INSERT 116, 48366394
26214, SELECT 1908
26241, SELECT 932
26246, INSERT 1214, 1973720683
26279, SELECT 754
26322, SELECT
26342, SELECT 408
26376, INSERT 1452, 767163584
26383, SELECT 7
26384, SELECT 601
26420, INSERT 1933, 1684256204
26466, INSERT 4, 905361896
26514, INSERT 1526, 1189003672
26550, SELECT 918
26556, INSERT 1312, 477538680
26601, INSERT 1729, 1457922579
26641, SELECT 1038
26680, INSERT 1202, 420325730
26697, INSERT 1168, 348187165
26741, INSERT 177, 2057581040
26781, INSERT 453, 1154806761
26807, INSERT 1251, 412804570
26816, SELECT 1827
26820, INSERT 779, 534882160
26838, INSERT 1948, 727683468
26872, INSERT 1275, 1063357512
26899, SELECT 807
26917, SELECT 10
26918, SELECT 1727
26930, INSERT 333, 1369059107
26978, SELECT 1886
27007, SELECT 513
27053, INSERT 1623, 1302581181
27060, SELECT 629
27081, SELECT 1890
27129, INSERT 1680, 1173827930
27143, SELECT 737
27176, SELECT
27178, INSERT 673, 806317938
27185, INSERT 1388, 1941005198
27227, INSERT 1902, 1000418429
27228, SELECT 1744
27241, INSERT 219, 975198458
27266, INSERT 443, 1445471067
27303, SELECT 1334
27338, SELECT 1184
27359, INSERT 1576, 1042001461
27399, INSERT 283, 397584227
27435, SELECT 1013
27436, SELECT 1477
27452, INSERT 1313, 2016624237
27480, INSERT 1000, 1493235147
27525, SELECT 809
27541, INSERT 396, 157397565
27575, INSERT 107, 1484518865
27576, INSERT 151, 1887711959
27591, SELECT 1361
27600, SELECT 1971
27645, INSERT 699, 1486472418
27651, SELECT 680
27692, INSERT 1170, 284717586
27729, SELECT 1377
27760, INSERT 1656, 1403675992
27795, INSERT 1438, 1814165395
27841, SELECT 1261
27858, SELECT 369
27859, SELECT 510
27893, SELECT 1713
27909, SELECT 1853
27953, SELECT 1101
27957, INSERT 103, 227379687
28001, INSERT 567, 1649087094
28019, SELECT 687
28028, INSERT 13, 13117650
28057, INSERT 258, 198572914
28069, SELECT
28076, INSERT 1943, 711494622
28125, INSERT 1584, 2055767618
28174, SELECT 1136
28188, SELECT 596
28237, INSERT 1475, 1947640049
28246, SELECT 1374
28291, SELECT 698
28315, SELECT 638
28338, INSERT 1856, 2112103274
28383, SELECT 1004
28411, SELECT 1408
28415, SELECT 476
28424, INSERT 263, 1563362521
28449, SELECT 744
28475, INSERT 830, 603429047
28495, INSERT 941, 385709599
28525, SELECT 489
28567, INSERT 766, 691387593
28571, INSERT 702, 1342212599
28620, SELECT 155
28669, SELECT 767
28703, INSERT 1650, 1623101861
28713, SELECT 1261
28726, INSERT 192, 241630741
28730, SELECT 575
28766, INSERT 797, 1595897789
28802, SELECT 517
28820, INSERT 763, 1309232945
28853, INSERT 594, 1685281124
28866, INSERT 994, 591171098
28913, INSERT 89, 608471400
28960, SELECT 108
28967, INSERT 1096, 879189937
29006, INSERT 705, 1083919738
29017, INSERT 1328, 1873812848
29050, SELECT 1972
29059, SELECT 1844
29095, INSERT 1699, 2126655424
29100, SELECT 736
29122, INSERT 1574, 2077080171
29159, SELECT 220
29192, SELECT 672
29241, SELECT 1651
29262, SELECT 779
29309, INSERT 217, 205627153
29348, INSERT 674, 1778179417
29368, SELECT 1914
29417, SELECT 214
29449, SELECT 108
29471, INSERT 640, 434965377
29474, SELECT 1849
29511, INSERT 1136, 986749804
29522, SELECT 751
29523, SELECT 1215
29537, INSERT 1442, 231612812
29569, SELECT 1
29605, INSERT 351, 1557373408
29630, SELECT 1306
29667, SELECT 322
29677, INSERT 157, 784357143
29726, SELECT 114
29754, SELECT 1916
29780, SELECT 311
29809, INSERT 1111, 394383026
29824, SELECT 588
29866, SELECT 1314
29915, SELECT 201
29947, INSERT 810, 1836554902
29958, INSERT 236, 1676900598
29964, INSERT 870, 58963598
29982, INSERT 413, 2110661043
30021, SELECT 1050
30039, SELECT 531
30050, SELECT 294
30095, INSERT 117, 1718128285
30098, SELECT 1001
30104, SELECT 439
30109, SELECT 19
30134, INSERT 1879, 1353781784
30166, SELECT 423
30200, INSERT 1500, 1654447561
30208, INSERT 1290, 918266257
30250, SELECT 83
30261, SELECT 709
30306, SELECT 1689
30348, SELECT 1150
30388, SELECT 69
30430, SELECT 1858
30440, SELECT 1889
30453, SELECT 1944
30468, SELECT 247
30513, INSERT 1577, 1860289231
30524, SELECT 1859
30530, INSERT 735, 1782683975
30564, INSERT 1926, 612855293
30583, SELECT 1903
30606, SELECT 748
30632, INSERT 210, 750682357
30650, SELECT 655
30674, INSERT 1350, 1691083957
30678, SELECT 520
30686, SELECT 325
30710, INSERT 525, 160321232
30739, INSERT 1194, 1450821307
30785, INSERT 1327, 2050273017
30794, INSERT 686, 383278680
30818, INSERT 1156, 443066442
30842, INSERT 706, 803856348
30867, INSERT 425, 1023522876
30906, INSERT 1593, 1887553870
30912, SELECT 482
30950, INSERT 1527, 607860129
30965, SELECT 95
30997, SELECT 1316
31025, SELECT 1544
31026, SELECT 878
31072, SELECT 819
31114, INSERT 1791, 1312900163
31145, SELECT 995
31171, INSERT 830, 964687811
31202, INSERT 1808, 1276482610
31234, INSERT 1461, 1673379665
31262, SELECT 256
31289, INSERT 1752, 1083185583
31338, INSERT 624, 1877863723
31361, INSERT 853, 389699629
31410, SELECT 1718
31454, INSERT 278, 973183305
31466, INSERT 307, 1520197978
31501, INSERT 1586, 1339085340
31509, SELECT 603
31519, SELECT 1215
31564, INSERT 1006, 135547751
31603, SELECT 529
31646, SELECT 1724
31690, SELECT 906
31711, INSERT 1782, 450878315
31754, INSERT 1582, 1940416994
31787, SELECT 1319
31812, INSERT 1964, 472270509
31847, SELECT 1117
31877, INSERT 1327, 1493721502
31894, SELECT 1980
31918, SELECT 573
31963, INSERT 1772, 1569301625
32006, SELECT 1480
32033, SELECT 201
32074, INSERT 1509, 1595157894
32111, INSERT 298, 175734507
32157, INSERT 1688, 728394660
32197, INSERT 1744, 2107706940
32214, SELECT 1462
32261, INSERT 1511, 254273718
32273, INSERT 687, 1832118596
32277, INSERT 43, 20010343
32311, SELECT 7
32318, INSERT 499, 208380843
32357, SELECT 1142
32384, SELECT 1360
32433, SELECT 1472
32442, SELECT 789
32471, SELECT 977
32474, INSERT 22, 1526283585
32490, SELECT 483
32506, SELECT 462
32534, INSERT 1899, 650425984
32538, INSERT 1142, 1484914121
32554, SELECT 630
32594, INSERT 1658, 13800671
32615, INSERT 851, 1069282819
32645, SELECT 971
32677, SELECT 1424
32721, SELECT 238
32766, INSERT 370, 1841614037
32802, SELECT 787
32806, SELECT 759
32828, SELECT 51
32829, SELECT 1696
32851, INSERT 1276, 1696576976
32865, INSERT 1323, 878807214
32911, SELECT 1282
32927, SELECT 1234
32932, SELECT 1148
32940, INSERT 865, 1675967278
32970, SELECT 1890
33007, INSERT 1413, 486112094
33050, SELECT 1118
33077, INSERT 1177, 549661166
33086, SELECT 412
33087, SELECT 1369
33102, INSERT 1850, 72931786
33121, INSERT 1405, 881142171
33166, SELECT 1189
33187, SELECT 1379
33195, SELECT 1602
33199, SELECT 1410
33218, INSERT 786, 482451684
33246, INSERT 1551, 162549682
33276, INSERT 1312, 958996466
33292, SELECT 1219
33332, INSERT 1285, 1470538794
33342, SELECT 928
33355, SELECT 846
33392, INSERT 1231, 947992181
33403, INSERT 1302, 729032357
33445, INSERT 1694, 1482453913
33450, INSERT 1983, 81707490
33453, INSERT 762, 1028508365
33489, INSERT 1993, 1723100370
33500, INSERT 1004, 834106652
33509, SELECT 1568
33518, INSERT 669, 713832455
33555, INSERT 450, 190300349
33557, SELECT 652
33578, SELECT 172
33579, SELECT 67
33599, SELECT 1139
33613, SELECT 1662
33649, INSERT 312, 1992080284
33674, INSERT 1037, 1566897764
33713, SELECT 1690
33762, INSERT 914, 448869293
33783, SELECT 504
33822, INSERT 771, 802842106
33848, SELECT 1191
33881, SELECT 1881
33929, INSERT 740, 1629763971
33947, SELECT 712
33969, SELECT 686
33995, SELECT 211
34001, INSERT 303, 1294376095
34023, SELECT 604
34066, SELECT 1141
34100, SELECT 33
34130, INSERT 1734, 1290791157
34176, SELECT 1184
34218, INSERT 1637, 1962927603
34224, INSERT 1695, 2074350782
34268, INSERT 954, 356588270
34299, INSERT 1020, 2133894098
34317, INSERT 1764, 1241443035
34338, INSERT 1358, 1096852566
34378, INSERT 1485, 393693417
34412, INSERT 367, 902320639
34444, SELECT 807
34453, INSERT 382, 1791097995
34499, INSERT 1345, 852475865
34521, SELECT 288
34562, SELECT 1707
34602, INSERT 338, 1296398490
34620, INSERT 231, 1767738122
34635, SELECT 920
34640, INSERT 1052, 115725270
34675, INSERT 1655, 470871294
34718, INSERT 1287, 2117219375
34747, INSERT 130, 1909705926
34791, SELECT 1636
34801, INSERT 1207, 793459013
34821, INSERT 112, 1842836273
34822, INSERT 1067, 579294947
34830, INSERT 600, 834014054
34849, INSERT 877, 1558244176
34852, INSERT 1954, 1649886776
34883, INSERT 57, 140510753
34895, INSERT 1876, 1506270433
34911, INSERT 548, 1646327954
34934, INSERT 1327, 1198178985
34937, SELECT 1017
34963, INSERT 1646, 778000406
35012, SELECT 1070
35020, SELECT 307
35038, SELECT 413
35044, SELECT 1575
35066, SELECT 1412
35112, SELECT 452
35146, SELECT 152
35187, INSERT 508, 542960924
35205, SELECT 1131
35241, INSERT 1082, 1477241436
35275, INSERT 827, 1326447763
35296, INSERT 878, 127490986
35314, INSERT 158, 1463635882
35335, INSERT 847, 961641104
35372, INSERT 1699, 599711393
35419, SELECT 1768
35448, INSERT 1692, 971455208
35493, INSERT 134, 56714311
35508, INSERT 44, 1758145072
35514, INSERT 1624, 490255150
35536, SELECT 820
35556, SELECT 486
35568, SELECT 880
35596, INSERT 1475, 2121760971
35635, SELECT 1848
35665, SELECT 608
35683, INSERT 780, 320501943
35688, SELECT 848
35711, SELECT 668
35759, SELECT 17
35792, SELECT 542
35804, SELECT 57
35831, INSERT 50, 1268275926
35845, SELECT 909
35868, INSERT 120, 722454719
35877, SELECT 1275
35893, INSERT 1944, 2001540592
35914, INSERT 28, 1883125933
35916, INSERT 538, 16469738
35955, SELECT 1444
35984, INSERT 1237, 130238384
36013, SELECT 1158
36014, INSERT 1740, 1194066720
36056, INSERT 1653, 2080345061
36079, SELECT 1652
36112, SELECT 254
36113, INSERT 1112, 544522381
36144, SELECT 1165
36161, INSERT 1513, 1762537512
36165, INSERT 116, 1226125300
36178, INSERT 1855, 88780919
36205, INSERT 41, 1879613290
36215, INSERT 1105, 441754908
36260, INSERT 134, 83537279
36298, INSERT 81, 925853341
36307, SELECT 788
36342, INSERT 433, 1112264942
36362, INSERT 1802, 788821063
36388, INSERT 1139, 561940429
36419, SELECT 1123
36426, SELECT 636
36429, INSERT 1328, 186880730
36443, SELECT 1152
36446, SELECT 733
36468, SELECT 490
36480, SELECT 390
36500, INSERT 1385, 1130042923
36534, SELECT 387
36578, INSERT 607, 1072792908
36620, SELECT 468
36651, INSERT 494, 1470022567
36698, INSERT 640, 1902370538
36699, INSERT 1657, 170186456
36711, INSERT 641, 1341421015
36722, SELECT 1743
36761, INSERT 808, 998437655
36776, SELECT 1136
36792, SELECT 1582
36802, INSERT 1243, 240121115
36815, SELECT 147
36858, SELECT 959
36906, INSERT 1932, 1177848218
36914, SELECT 1959
36950, INSERT 909, 1042197433
36986, SELECT 143
37018, SELECT 222
37051, INSERT 1765, 270422536
37087, INSERT 737, 901297915
37117, SELECT
37165, SELECT 975
37212, SELECT 820
37244, SELECT 137
37280, SELECT 773
37304, INSERT 363, 917593683
37310, INSERT 826, 1731565598
37357, INSERT 1680, 1763964312
37404, INSERT 1743, 807538554
37447, INSERT 964, 1871705086
37487, INSERT 895, 359963447
37513, INSERT 1834, 1099227913
37520, SELECT 958
37549, SELECT 48
37570, INSERT 1786, 1563106964
37580, INSERT 1095, 1033290748
37584, INSERT 922, 719089607
37620, INSERT 382, 582795484
37629, INSERT 1172, 383993313
37676, INSERT 1821, 1657681870
37693, SELECT 1942
37709, INSERT 461, 273128809
37730, SELECT 919
37758, SELECT 1364
37795, SELECT 415
37839, SELECT 1900
37878, SELECT 651
37890, SELECT 816
37915, INSERT 801, 642102811
37937, SELECT 1405
37941, INSERT 1841, 1889660555
37952, SELECT 819
37982, SELECT 1962
38027, SELECT 1489
38033, SELECT 861
38036, SELECT 1394
38074, SELECT 889
38092, INSERT 492, 364709741
38132, INSERT 259, 1173543212
38165, SELECT 91
38174, SELECT 664
38188, INSERT 995, 1726159846
38200, SELECT 1406
38219, SELECT 345
38241, INSERT 216, 1447937527
38280, INSERT 111, 475830397
38313, INSERT 368, 1094385059
38342, INSERT 165, 457032167
38343, INSERT 509, 302654848
38352, SELECT 1352
38355, INSERT 430, 1498793955
38365, SELECT 115
38402, SELECT 877
38441, INSERT 532, 1965077648
38483, SELECT 44
38528, SELECT 1769
38557, SELECT 469
38581, SELECT 1768
38621, INSERT 1253, 1354086445
38624, INSERT 62, 244774429
38648, INSERT 1531, 1325027688
38660, SELECT 1892
38704, INSERT 583, 1422847238
38748, INSERT 1531, 127677973
38794, INSERT 249, 475181268
38836, SELECT 455
38883, INSERT 1257, 781446769
38905, SELECT 983
38929, SELECT 1569
38940, SELECT 1858
38968, SELECT 288
38979, INSERT 0, 901196809
39012, SELECT 1429
39024, SELECT 1846
39052, SELECT 43
39053, INSERT 1034, 527899896
39077, SELECT 645
39119, SELECT 610
39153, INSERT 1338, 189913496
39163, INSERT 7, 1329875162
39174, INSERT 1395, 1851853828
39220, INSERT 516, 1437032104
39235, SELECT 1369
39282, SELECT 998
39294, INSERT 1347, 911206813
39302, SELECT 1370
39338, INSERT 54, 80862585
39345, INSERT 1448, 263565963
39372, INSERT 1605, 1732154045
39390, SELECT 631
39417, SELECT 441
39454, INSERT 705, 142335419
39468, INSERT 1702, 197449679
39506, SELECT 1082
39538, INSERT 264, 1110666772
39545, INSERT 1056, 229383450
39590, INSERT 301, 1957919474
39631, INSERT 287, 1250804785
39670, INSERT 1765, 1373923113
39702, INSERT 1872, 1241320876
39705, SELECT 1941
39722, SELECT 1909
39751, INSERT 346, 736677151
39777, SELECT 641
39826, SELECT 1279
39827, INSERT 496, 374781642
39829, INSERT 613, 853468157
39864, SELECT 555
39868, SELECT 332
39891, SELECT 534
39928, INSERT 671, 1195028925
39974, SELECT 1960
39983, SELECT 1437
39985, INSERT 1153, 1317018371
40020, SELECT 125
40036, SELECT 1500
40054, SELECT 1936
40071, INSERT 1712, 919298614
40079, INSERT 1794, 1729916816
40085, SELECT 452
40096, INSERT 454, 289822384
40105, INSERT 488, 1674277740
40153, SELECT 1766
40184, SELECT 1545
40230, SELECT 76
40257, INSERT 1277, 318014860
40292, INSERT 1135, 2103806919
40312, SELECT 42
40329, SELECT 1998
40366, INSERT 1157, 402747549
40398, INSERT 1981, 1056317370
40426, SELECT 877
40432, INSERT 1735, 1115224809
40457, INSERT 1384, 252101743
40491, INSERT 858, 2030880850
40521, INSERT 760, 443481090
40538, INSERT 1085, 1924299571
40581, SELECT 1629
40582, INSERT 773, 99971691
40587, INSERT 1158, 1573474089
40608, INSERT 1733, 591336849
40653, SELECT 276
40655, SELECT 1326
40689, SELECT 774
40695, SELECT 274
40717, SELECT 341
40722, INSERT 1024, 1066840758
40762, SELECT
40789, SELECT 1068
40813, INSERT 209, 651269988
40831, SELECT 1741
40837, SELECT 241
40856, INSERT 1998, 2017673093
40872, SELECT 605
40897, SELECT 363
40939, INSERT 48, 691623139
40958, SELECT 325
41007, INSERT 193, 2125434128
41008, INSERT 1596, 487390944
41010, INSERT 916, 1160169807
41046, SELECT 141
41087, SELECT 1088
41090, INSERT 81, 2001142947
41125, SELECT 1751
41169, INSERT 982, 863723363
41212, INSERT 247, 590100757
41229, INSERT 1874, 1793695789
41239, INSERT 554, 957850598
41244, INSERT 912, 1970679640
41261, SELECT 1345
41262, INSERT 208, 1294723784
41265, INSERT 577, 170463161
41267, SELECT 1885
41295, INSERT 1362, 1118979329
41335, SELECT 1613
41373, SELECT 1687
41379, SELECT 1089
41402, SELECT 1865
41431, SELECT 1263
41436, SELECT 329
41472, SELECT 552
41515, INSERT 1780, 75242388
41539, SELECT 947
41550, SELECT 308
41594, INSERT 971, 995682728
41610, SELECT 984
41629, INSERT 731, 1583864585
41662, INSERT 841, 617690864
41694, SELECT 1822
41697, INSERT 1940, 1680457892
41732, SELECT 1063
41753, INSERT 1440, 1885782491
41798, INSERT 1499, 1803516908
41800, SELECT 1954
41813, INSERT 1783, 1000365151
41861, INSERT 723, 912648808
41887, SELECT 1272
41918, SELECT 1624
41933, SELECT 1035
41967, INSERT 131, 687628749
42001, INSERT 1646, 954402061
42016, SELECT 1789
42053, INSERT 1331, 1594649120
42062, SELECT 1104
42084, SELECT
42114, INSERT 167, 568701821
42160, INSERT 1875, 1179749401
42177, SELECT 607
42186, INSERT 1143, 1670460483
42210, INSERT 1835, 268609821
42256, SELECT 1801
42281, INSERT 707, 1361885536
42320, SELECT 148
42322, INSERT 921, 177183061
42352, INSERT 1802, 670579524
42370, INSERT 1842, 1934544196
42391, SELECT 986
42421, SELECT 445
42447, SELECT 72
42462, INSERT 1519, 1276766993
42501, INSERT 1526, 948999010
42540, INSERT 551, 215087405
42579, INSERT 347, 554750086
42600, SELECT 1803
42632, INSERT 977, 1505336958
42673, SELECT 119
42701, SELECT 1016
42750, INSERT 1553, 904214217
42773, INSERT 1068, 125436222
42787, INSERT 228, 350749332
42813, INSERT 1409, 251848083
42841, INSERT 1589, 1977995213
42879, INSERT 777, 590418021
42914, INSERT 1538, 1970461226
42928, SELECT 1604
42963, SELECT 727
42998, SELECT 242
43002, SELECT 336
43047, INSERT 345, 909944942
43055, SELECT 964
43065, SELECT 1596
43067, SELECT 808
43094, SELECT 1130
43124, INSERT 924, 1633960269
43138, INSERT 809, 1717466280
43152, SELECT 105
43179, INSERT 716, 792732691
43223, INSERT 1523, 784298473
43233, INSERT 1225, 160319439
43234, INSERT 655, 452583841
43236, INSERT 1166, 976767368
43282, INSERT 1148, 1299548513
43325, INSERT 284, 1750367128
43350, SELECT 1032
43389, SELECT 1632
43397, INSERT 1036, 412763633
43439, INSERT 739, 411465500
43474, INSERT 1488, 2060994656
43475, INSERT 1547, 1907841495
43480, INSERT 261, 1032118451
43512, SELECT 949
43522, SELECT 975
43532, INSERT 595, 683191532
43536, SELECT 1337
43579, INSERT 1199, 1083613796
43614, INSERT 1812, 1021787253
43647, INSERT 1603, 669242865
43693, INSERT 851, 820053945
43721, SELECT 781
43763, INSERT 1977, 1950647521
43791, SELECT 1205
43796, INSERT 1774, 1077280478
43803, INSERT 31, 1501738770
43842, SELECT 526
43884, INSERT 1614, 44888750
43892, SELECT 1769
43925, SELECT 606
43942, SELECT 1657
43962, SELECT 1632
43982, INSERT 772, 518055425
43997, INSERT 369, 1780245834
44012, SELECT 1884
44061, SELECT 1642
44073, SELECT 20
44090, INSERT 1863, 372812098
44124, SELECT 901
44139, INSERT 594, 221853655
44173, SELECT 1086
44205, SELECT 1689
44223, SELECT 1888
44240, SELECT 869
44247, SELECT 868
44293, SELECT 565
44312, INSERT 1130, 1526348423
44319, SELECT 223
44341, INSERT 525, 44403560
44343, INSERT 355, 1440102997
44355, SELECT 1206
44381, SELECT 1735
44395, SELECT 584
44425, SELECT 1485
44449, SELECT 862
44450, INSERT 1408, 1350810238
44460, INSERT 1030, 1815614389
44487, INSERT 802, 283576266
44528, SELECT 17
44543, SELECT 769
44562, SELECT 829
44583, INSERT 1034, 1216452254
44599, SELECT 886
44640, SELECT 453
44651, INSERT 838, 104362333
44675, SELECT 1943
44691, INSERT 948, 1445335138
44724, INSERT 905, 1270972872
44765, SELECT 606
44794, INSERT 425, 2008756382
44841, SELECT 50
44878, SELECT 143
44891, SELECT 543
44914, SELECT 738
44933, INSERT 182, 494513134
44971, SELECT 283
44975, SELECT 84
45009, INSERT 1309, 1986847683
45049, INSERT 184, 1123550637
45072, INSERT 437, 784593914
45116, INSERT 842, 1514458105
45135, INSERT 250, 254136463
45178, SELECT 200
45188, SELECT 224
45191, INSERT 1916, 1720660477
45208, INSERT 777, 1900132575
45224, SELECT 1965
45255, INSERT 1814, 168132294
45268, SELECT 743
45289, INSERT 1539, 1902824353
45330, INSERT 336, 2123750850
45352, SELECT 1644
45368, SELECT 133
45385, INSERT 39, 1336525618
45386, SELECT 1006
45422, INSERT 997, 1040029700
45461, SELECT 944
45493, SELECT 1724
45524, INSERT 1950, 1827358588
45529, INSERT 891, 1623073871
45536, SELECT 1279
45582, SELECT 1670
45617, SELECT 1772
45656, INSERT 343, 1467725552
45705, SELECT 1179
45740, INSERT 374, 1143982722
45755, SELECT 533
45777, INSERT 1060, 1319132324
45782, SELECT 140
45806, SELECT 1893
45812, INSERT 1532, 1954783456
45834, SELECT 718
45879, INSERT 1710, 875983101
45889, SELECT 1775
45912, INSERT 697, 668535778
45932, INSERT 785, 1153313526
45942, SELECT 313
45987, INSERT 402, 293432501
45993, INSERT 959, 1493313371
46017, INSERT 201, 1047151518
46044, INSERT 732, 323597663
46060, INSERT 832, 504010978
46089, INSERT 1226, 761526328
46114, INSERT 1094, 1368734346
46145, INSERT 1431, 1479322655
46146, SELECT 1597
46151, SELECT 1885
46170, INSERT 798, 386579220
46172, SELECT 635
46178, INSERT 446, 155314458
46195, SELECT 863
46219, SELECT 1731
46254, SELECT 517
46282, INSERT 960, 1357490174
46313, SELECT 1190
46354, INSERT 1716, 509899039
46358, INSERT 655, 1393277884
46382, INSERT 1062, 809193949
46383, SELECT 893
46400, INSERT 620, 523795497
46405, INSERT 469, 1147451141
46419, INSERT 1237, 1321567029
46438, INSERT 1379, 1156464038
46447, SELECT 1706
46482, INSERT 715, 119238809
46508, SELECT 956
46524, SELECT 1836
46527, INSERT 578, 1301310813
46540, SELECT 820
46552, INSERT 1921, 2004912075
46592, SELECT 692
46619, SELECT 756
46639, SELECT 28
46672, INSERT 1449, 245549187
46675, SELECT 1154
46719, SELECT 695
46761, INSERT 561, 785531632
46768, SELECT 757
46787, INSERT 482, 1732915290
46822, INSERT 1876, 683949632
46847, SELECT 1081
46862, INSERT 1882, 6465136
46867, INSERT 737, 1037903291
46872, INSERT 91, 244844019
46880, SELECT 912
46915, SELECT 1152
46959, INSERT 1291, 516736292
46960, SELECT 12
47001, SELECT 26
47011, INSERT 115, 1231338840
47018, INSERT 548, 1579899837
47041, INSERT 556, 2114880538
47060, INSERT 1321, 1696361232
47087, INSERT 1213, 1451288989
47118, SELECT 1849
47149, SELECT 347
47198, INSERT 1331, 420608934
47214, INSERT 1854, 260606975
47257, SELECT 867
47285, SELECT 1529
47290, SELECT 1772
47303, SELECT 671
47318, INSERT 784, 536049181
47337, INSERT 1888, 947783322
47352, INSERT 1502, 208514228
47375, INSERT 1347, 742789947
47385, SELECT 1225
47394, INSERT 242, 221598649
47435, SELECT 1936
47477, INSERT 1832, 795205288
47521, INSERT 1795, 1963601015
47553, SELECT 1459
47602, SELECT 907
47640, INSERT 600, 9338311
47689, SELECT 1436
47723, SELECT 249
47737, INSERT 858, 1072356143
47752, SELECT 370
47762, INSERT 407, 288885722
47772, SELECT 1044
47812, INSERT 1264, 632792418
47814, SELECT 1601
47843, SELECT 643
47864, INSERT 1366, 78896669
47872, SELECT 701
47885, INSERT 869, 10615471
47899, SELECT 772
47939, INSERT 1639, 488947758
47979, INSERT 1841, 1050268309
47990, SELECT 1215
48037, SELECT 921
48086, INSERT 1537, 2118580855
48121, INSERT 1944, 883618810
48127, INSERT 548, 1192402649
48165, SELECT 135
48185, SELECT 828
48186, SELECT 504
48200, INSERT 1625, 620250324
48234, INSERT 796, 1330305815
48250, SELECT
48299, INSERT 565, 1478967979
48331, INSERT 816, 230207913
48354, SELECT 1452
48384, SELECT 419
48385, SELECT 893
48397, SELECT 1418
48422, INSERT 1367, 1579960130
48427, SELECT 464
48466, SELECT 1753
48472, INSERT 671, 473975654
48502, SELECT 724
48547, INSERT 431, 945240408
48579, SELECT 1950
48620, SELECT 438
48654, SELECT 588
48679, SELECT
48704, INSERT 266, 2013289906
48753, SELECT 188
48790, INSERT 568, 1807097269
48820, SELECT 1593
48822, INSERT 486, 192294530
48836, SELECT 829
48849, SELECT 404
48876, INSERT 83, 1526496932
48922, SELECT 253
48961, SELECT 1254
48986, SELECT 1334
49013, SELECT 1010
49039, SELECT 310
49053, SELECT 1873
49081, SELECT 267
49130, SELECT 1329
49144, SELECT 1930
49152, INSERT 35, 1082986512
49197, SELECT 1082
49242, INSERT 1762, 1236895672
49275, INSERT 1365, 1643725976
49321, SELECT 699
49365, SELECT 121
49407, INSERT 1261, 1165730092
49416, SELECT 1919
49455, INSERT 697, 1056092173
49493, SELECT 1300
49542, INSERT 60, 1168322154
49584, INSERT 927, 1471171636
49598, SELECT 759
49605, SELECT 1071
49628, SELECT 1603
49677, INSERT 732, 1967944408
49707, SELECT 918
49755, INSERT 13, 598437679
49787, SELECT 1342
49816, INSERT 447, 1620809839
49848, SELECT 777
49861, INSERT 1660, 467888894
49868, SELECT 1603
49917, INSERT 1329, 2004710416
49959, INSERT 1865, 1965506831
49974, INSERT 1444, 165101486
50013, INSERT 1489, 719902457
50023, INSERT 1890, 925532490
